8.60574910 2.20112470
3.84552620 0.09089465
4.34915640 1.16234390
3.69435950 0.68415987
8.59718990 1.10776200
8.24709700 1.47106440
6.48155120 1.68793120
10.15731000 1.76227570
8.75884250 1.31457890
8.74879930 2.00120000
7.58400010 1.58362480
4.95514340 1.50459880
3.89839980 0.87900001
2.71777600 1.01745000
-3.44444440 1.11069700
0.34266260 0.84964756
-0.79008168 0.98313059
-1.84962300 1.17029190
-2.81478030 0.89450174
-3.65979010 0.96581201
-4.34972600 0.90676623
-4.86087190 0.46762285
-5.18268250 0.55527596
-2.46857670 0.01196155
-2.66499970 0.32515021
-3.68806860 0.26386204
-5.26393800 0.51918745
-4.94338130 0.31509522
-7.18985650 0.43671432
-2.84381820 0.59043358
-1.01322010 0.32281362
-0.06863431 0.55948177
2.82731250 0.00431246
3.19015030 0.69594997
3.10418180 0.83154050
1.10149990 0.23712502
-1.16580000 0.54179996
0.19233334 1.72577790
5.06944470 1.32277770
2.24957900 0.91857892
7.91966680 1.09293340
8.64552970 1.54200010
7.48812530 0.53799999
2.85673600 0.71667684
1.61644430 0.01922220
-0.40991306 0.13913040
-1.34587500 0.02045835
-0.50248283 0.20375864
-0.60535717 0.55328572
-0.44863510 0.49855026
-1.19674990 0.56283331
-1.03284620 0.91295252
-2.62680010 0.44659999
-2.95820000 0.77210009
-1.95375000 0.54768747
-3.76200010 0.45174980
-1.61242100 0.45605263
-6.05633260 0.54809119
-7.21387580 0.23512501
-6.18773320 0.11279998
-1.40280000 1.08279990
-0.34546670 0.68865523
-0.62690002 0.74890000
-0.54392856 0.15721424
-5.09326080 0.14752173
-0.32566670 0.88837504
2.43316670 0.44291663
2.50830770 0.30569232
0.31478924 0.67431581
5.29082580 1.46513040
0.40749991 0.45350000
1.68180010 0.87760007
6.73233320 0.20100001
9.17259880 2.05540010
13.92312400 3.26275010
13.27741000 0.89140910
12.82814300 1.53685720
12.88238100 2.04300000
8.97742080 1.72763170
13.08150000 2.39487500
10.21700000 1.66622220
12.91360000 1.86190000
12.31321200 0.96760237
11.48266700 2.12833310
11.98806700 1.12159280
12.22790500 2.41828580
11.88159900 2.92640020
11.32014300 1.59580040
8.44600010 2.22171450
11.32155500 1.89344410
11.48766700 0.08166665
10.07530000 1.25960000
11.58177000 1.72023070
10.65382400 1.93852940
10.49671500 2.65764280
15.17800000 4.30128570
9.73789540 2.53609400
7.32499980 1.17781820
2.99840000 0.48199996
6.86095000 1.89805000
9.30352690 1.85052610
9.59357070 2.59000020
10.80513300 2.05180000
12.02755500 1.01922230
9.18343350 2.82739140
8.00896050 2.24136410
8.06864790 2.10997180
8.23557800 1.66945190
9.19887540 1.15262510
6.44899990 4.10799980
6.40499970 1.22588880
8.62400050 0.79579997
10.63413600 3.02433250
11.33639200 2.84925640
10.78206600 3.86640000
11.95850000 3.85299970
10.36169100 2.01869250
14.78511100 4.29799990
18.53769700 0.54119980
17.41181900 5.79199980
17.98425300 7.59316640
21.10108400 7.04766650
13.90181600 3.85620220
10.44411100 3.29200010
8.85483260 3.62549970
9.35491660 2.62991640
8.37093830 3.41324970
8.11409090 2.45727280
6.93156190 1.02431250
7.98319960 2.12100010
8.03455450 2.59633330
13.34192800 2.91657110
13.79000100 1.25442860
12.83566700 6.52366690
11.12171400 0.37114272
10.23699900 3.29782460
10.15965000 3.39415030
8.23954580 2.81309100
12.43200000 2.04883340
18.86240000 2.76879980
14.23619900 5.59400030
14.14428500 4.95042850
12.00133300 3.46677780
13.53854700 3.57745460
19.56300000 5.80675030
20.50536300 5.49672750
20.91977700 7.02822260
21.11287500 2.96799990
23.21744300 5.55677750
11.40800000 3.43523070
11.76489900 1.74629990
14.81578600 2.04200010
18.32250200 3.51050000
17.23462500 7.81750060
16.40523100 5.86007690
14.93775000 2.74583340
10.95275000 2.59774990
8.09068870 2.54418750
10.88053000 2.90605900
11.51411200 0.97166663
13.89240000 3.17960000
12.41364400 5.25149970
15.94150000 1.81116660
18.18314400 5.30399990
17.02737900 4.47300040
17.82728400 3.16135720
19.33199900 2.61872700
20.95461500 2.78400020
19.25780100 2.78953310
22.64000100 3.47571440
22.96714400 3.84557150
22.84300000 4.63344430
21.06620200 3.49619960
21.79144700 5.84366700
23.23720000 3.53729990
21.73370000 2.78250030
21.07639900 2.72919990
20.58025400 3.34502160
21.78589800 3.72250010
18.32261700 5.24353840
18.38164000 4.31493010
16.54200000 5.55912490
18.88399900 5.65842870
18.65133300 1.16350030
15.29941100 3.78382350
13.03749900 6.30975010
15.73329900 5.22190000
15.58220800 5.70875800
13.31607700 4.49369240
14.17100000 4.32300040
16.25607800 5.89316510
15.62322100 7.16033270
17.39562400 4.78049990
19.16890900 5.27215770
21.02399800 5.77814290
24.39800100 6.83181810
19.26155200 5.86961540
21.81289900 5.25491650
20.32000000 6.54050020
17.51283500 5.55333330
20.62857100 4.46196570
18.44510100 7.89100030
15.93511100 6.03199960
17.76742700 2.65199970
20.69856700 5.79229450
19.83466700 4.93694450
20.17449000 5.18777530
25.69154500 5.30718140
24.07309200 1.78981820
18.43800000 7.25619980
16.81724900 5.05912490
16.45760000 0.04269999
17.06538300 4.89834990
16.53274000 5.36355530
16.70755800 4.95899960
14.95875000 5.20750000
15.92112400 5.46337460
14.97376800 1.99746140
14.86219800 4.31690730
12.40239900 4.58740000
15.05774900 4.44750020
16.18842700 4.71181760
11.37700000 3.89212490
16.65260100 2.36160020
15.07541600 3.99233370
11.46166600 3.59811090
15.80319100 3.29752360
15.80706700 4.37240030
19.34128600 0.91557157
20.72115900 5.42652610
18.60366600 5.64033370
14.94808300 3.45625020
16.45426000 4.07815770
16.35850300 4.65100000
16.06766700 2.63366680
18.20746000 4.39923050
15.65500200 4.41157150
12.39020000 0.76650000
15.13518700 3.73225020
16.05227300 3.59771120
17.14289100 2.93801190
17.45955100 3.79482830
17.81217300 3.03014100
18.18191500 2.40489490
19.39709100 2.06827260
19.86062400 3.89937520
21.49033400 0.71649992
17.85930100 3.14019970
18.80707700 3.69199990
20.40529600 4.53147080
20.92328500 4.68942880
17.04391500 1.60850000
18.37920200 3.53873350
16.28281800 4.83227300
17.09005200 3.86705040
17.92025000 4.28475000
15.99371500 4.71047590
18.06078100 5.33078240
14.14911000 3.80196230
8.95129490 2.58617640
10.18125000 3.44341680
11.20620100 2.51700000
11.21087600 1.12062500
13.51966700 0.07716662
12.91750000 2.94566680
15.52185700 2.73157120
13.99600000 5.46324970
15.48677200 3.48190930
16.42922800 2.91476920
16.17187700 2.99145840
14.58400000 1.54375000
10.93025000 2.80737500
12.97811800 4.05458780
14.31481000 3.80017610
10.17869900 4.06480030
11.28450000 2.65666650
13.50757700 3.61641990
13.07204700 2.82694720
12.59226700 3.36182470
14.54400000 4.45016670
13.39087500 2.53000000
13.87400000 4.87699990
10.90650000 0.64874989
10.55390400 2.88049160
10.42480800 3.39837640
10.43486100 2.81622410
12.83799900 0.41640007
10.87689000 3.13549950
7.38879970 3.54240010
11.77997900 2.82088060
8.65879920 2.64659980
12.92307600 2.83331140
13.94277800 3.07377770
15.70050000 3.36189990
14.87291000 3.48118190
12.68926600 2.64613340
14.34034700 3.64561490
17.91186100 4.06831070
15.28983300 1.65533330
14.33496800 3.24416140
12.54842900 1.24414290
14.01472900 4.68781850
12.92154700 2.89560860
13.89035700 3.38478570
13.61836400 3.11081810
11.25552100 2.68152670
10.75000100 2.53895840
10.28996900 2.90711830
7.82853220 2.38486670
7.07300000 3.24249980
7.94883300 4.18383310
8.72416620 2.14941160
8.62742810 2.97528530
9.10710050 3.08430000
7.24700070 2.03223210
9.18614290 3.60299970
5.57534500 0.73673093
4.72209070 1.48386380
6.12448260 1.52275880
3.35223080 1.43853860
2.15141370 0.97351730
1.99135780 1.79253890
1.27021250 1.62833250
-1.88372730 1.34872540
1.90200020 0.44541168
0.89084381 0.90265638
-1.38251720 0.79217243
-0.56993747 0.79306257
0.64890313 0.75103223
1.41629030 0.68890321
2.22310020 1.38015010
2.47682160 0.99958859
3.34296500 1.02414800
1.74318720 0.50768745
5.05393820 0.74700698
5.79570850 0.85532690
8.35200020 1.38225010
7.08250050 1.66387470
7.01033820 0.93895967
6.99916510 0.93885101
6.77450310 0.62923100
6.35415980 0.75042451
5.76930450 0.55928420
5.06119960 0.28087072
4.27932090 0.49845878
1.72061540 0.35938460
2.58548140 0.53085196
1.72728570 0.88599998
4.38924120 0.53648281
3.17720010 0.33571953
0.04667858 0.85339284
0.27768746 0.66712511
0.76578128 0.31809378
0.03424999 0.44210714
0.50249994 0.36660001
2.12509510 0.13814287
2.31913040 1.18508700
3.20700000 0.62472218
1.81890920 0.68408638
3.70321540 0.65711456
3.82693920 0.41173728
3.77663430 0.57035752
3.53914520 0.62802073
5.03708360 0.09691671
5.03708360 0.09691671