-0.06883163 -0.06538034
-0.04940612 -0.05094312
0.02020471 0.00328639
0.00846906 0.00670722
0.02519380 -0.03982027
-0.01638311 0.02759400
-0.01383728 0.01350503
-0.01403144 0.00325380
0.01133219 0.00664093
0.05094463 -0.01963793
-0.01078602 -0.02691706
-0.00275724 -0.01383081
0.00540405 0.00000000
0.01362500 -0.00342466
0.01331854 -0.01047292
0.03431910 0.04961138
0.04082833 0.02363321
0.00486095 -0.00338618
-0.04634942 -0.04293436
0.01285832 -0.00355010
0.03028185 0.01052632
0.00486095 0.03092949
0.02441220 -0.03342142
0.03338458 0.03795433
0.03219979 -0.02665014
0.08040770 0.01719198
-0.05374500 -0.03693271
-0.05236657 -0.01039974
0.00456961 0.03858785
-0.01830107 0.00347826
-0.02801724 -0.02709942
-0.02405765 -0.01036437
-0.01976599 -0.03501882
0.04531232 -0.00373071
0.02882483 0.06212766
-0.02338362 0.02740385
-0.04545956 -0.04008735
0.04762455 -0.02096198
-0.02868807 -0.01427386
0.00000000 0.02172083
0.00488470 0.01417271
0.05392268 0.03136172
0.03260753 -0.01024106
-0.01360756 0.03756765
-0.02737995 0.02961031
0.02815072 0.00327820
-0.02737995 -0.07648894
-0.03280641 0.00691541
0.00481361 -0.02731193
-0.02417558 -0.03530378
0.04463980 0.02553192
-0.01420765 -0.02124481
0.03835920 -0.02560624
0.03704890 0.00382875
0.03572532 -0.00381415
-0.01292247 0.00000000
0.01752266 0.02627915
0.02137767 0.00712227
0.00426357 0.00370433
-0.02508684 -0.00369066
0.00000000 -0.01431217
-0.05581948 -0.03672702
-0.05000000 0.03812733
0.01434404 0.00000000
0.00467747 -0.03296891
0.00941966 0.06429959
-0.02327577 -0.03867220
-0.01427630 -0.00742403
-0.02417558 -0.03391894
-0.01975111 0.00396111
-0.10610296 -0.03873745
0.01420195 0.01604478
-0.01670093 -0.01579141
-0.01424092 -0.01212687
-0.00861498 -0.00415486
-0.00574866 -0.00815475
0.03200215 -0.01663480
0.05094463 0.02527708
-0.00272750 -0.00815475
-0.00546992 0.00000000
-0.05687500 -0.04550669
-0.01722995 -0.01722756
-0.02629805 -0.02649817
-0.04806094 -0.01800670
0.04423105 0.04136461
-0.00905671 -0.00429975
0.03458943 0.00000000
-0.04484914 -0.02673247
-0.09063745 -0.07310374
0.00688468 0.00000000
0.01025641 -0.03441988
-0.00338409 -0.00613787
-0.01697793 -0.02874109
0.00345423 0.01467351
-0.03098107 -0.07278862
-0.00694332 -0.03379257
0.01772358 0.10223298
0.04920914 0.03587991
0.03334856 0.07445806
0.01620984 0.09473684
-0.01276102 0.00440705
0.00646298 -0.02153969
0.03210741 0.01752956
0.00622172 0.00861378
-0.02164137 -0.06434955
0.03792014 0.00912757
0.02117354 0.06836348
0.03875864 0.07658988
0.00287019 -0.06730066
-0.02289580 -0.02117647
0.01464519 -0.01722756
-0.01154704 -0.01324908
-0.01460242 -0.00888246
0.02074633 0.00896207
0.00580705 -0.00888246
0.00288676 0.00000000
-0.02014916 -0.02250938
0.00587528 0.03219616
0.01460242 0.01342698
0.02014916 0.02201386
0.02244453 0.00000000
0.00275966 0.03450339
0.00550413 0.04164257
0.01915900 0.05996669
0.00268555 0.01885804
0.02142683 -0.01473865
-0.02359952 -0.05270482
0.03222656 0.01579141
0.00260170 0.00000000
-0.01816466 -0.01156905
0.00000000 0.00000000
0.04745315 0.03950256
0.02270903 -0.01143561
-0.00986879 0.01922050
-0.03239325 0.00000000
-0.00245815 -0.01885804
-0.02581554 0.00000000
-0.00529993 0.00765261
-0.02397675 -0.06481809
0.00000000 0.00396601
0.02183623 0.00827690
0.00534240 0.00802239
0.01594203 0.03201925
0.01307656 0.03479197
-0.00774466 0.00000000
-0.00520341 0.00381283
0.00261531 0.02607044
-0.00521698 0.00723540
-0.00262217 0.02890077
0.02617113 0.04562429
0.03330616 -0.01677019
0.01487659 -0.02384713
-0.02443087 0.00339751
0.00000000 0.01048049
0.02003415 0.01723313
0.00491017 0.02039216
0.00488617 0.00999231
-0.01944966 -0.02633181
-0.02231489 -0.01688291
0.00760807 0.01717284
0.01006750 -0.00672190
0.01495073 0.00000000
0.01473050 0.04752912
0.01924557 0.03575721
-0.01424256 -0.01247462
-0.00470666 -0.01909518
-0.01451666 -0.04537287
-0.00982033 -0.00674510
-0.01487659 -0.00347442
-0.02757122 -0.02393027
0.00505882 -0.00698165
-0.02048461 -0.03188358
-0.03680688 -0.05826719
0.03002481 0.04644907
-0.01854975 0.00000000
-0.01890034 -0.02587832
-0.01913936 -0.03800141
0.03354164 0.07900512
-0.01357354 -0.01101695
0.01376032 0.02964867
0.01085884 0.00366178
0.00805664 0.05373134
-0.01065633 0.00676739
0.01346389 0.01344380
0.01594203 -0.00323924
-0.02876843 -0.04348499
-0.00942472 -0.01051610
-0.00815520 0.00359712
0.00000000 -0.01058977
-0.01918525 -0.01778363
-0.00279436 -0.01810562
-0.03095147 -0.02219566
0.00867508 -0.01501659
0.03166536 0.04591385
-0.00833649 0.02203390
-0.00560438 -0.01442786
-0.01421801 -0.02910988
-0.00285863 0.00745234
-0.01720094 -0.06313435
0.00875099 0.01579141
0.04929022 0.05874910
0.01653514 -0.01843947
0.01096734 -0.00765351
-0.00816675 -0.03032428
0.02175249 0.02349964
-0.01323070 -0.00370894
-0.01084837 0.00372274
-0.01626617 -0.01148004
-0.01929099 -0.03466143
0.02529059 0.02387563
-0.00548150 0.00795372
0.00551171 -0.01165710
-0.00548150 0.01560515
0.01377928 0.00000000
0.00000000 -0.00464535
-0.01631039 -0.01579609
-0.01105389 -0.01203721
0.00279436 0.03655160
0.01114630 0.03526269
0.00551171 0.00378462
-0.01370375 -0.04524422
-0.02223064 -0.04343924
0.00568402 0.07018202
0.00000000 0.02314571
0.02260758 -0.02262211
0.06644894 0.09258285
0.01566549 -0.01765367
0.01020527 0.01078255
-0.00505108 0.03927590
0.01523018 -0.02752722
0.01750199 0.02126979
0.01485536 0.00689007
-0.04369360 -0.03779160
0.01265969 0.02860837
0.01250142 0.04148334
-0.00987765 0.00331925
-0.00498810 0.02977444
-0.00751965 -0.01927570
-0.01010217 0.00982728
0.00765395 -0.00324388
0.01265969 0.01301775
-0.00250028 -0.00963785
-0.01503931 -0.03892657
0.05610179 0.09113225
0.00481928 0.03402700
0.00479616 -0.00897471
-0.01431981 -0.03622393
0.00000000 0.00626424
-0.04127229 -0.02490096
0.03294685 0.03192107
-0.00500111 -0.02474691
0.01976991 -0.00317186
0.00000000 0.00636390
0.00481928 0.01897097
0.00959233 0.04344147
0.00000000 0.01203028
-0.02375297 -0.03245626
0.00486618 -0.01214799
-0.02432313 -0.03996646
0.02989284 0.03842795
0.00000000 0.01541912
-0.00963855 -0.00911099
-0.00984296 -0.02758429
0.00502625 0.01260745
0.00977995 -0.00311262
-0.01948052 -0.01248936
-0.00987765 -0.00632366
-0.01745834 -0.00636390
-0.00253836 0.05764192
0.01526894 0.00908340
-0.01503931 -0.00900164
-0.00254482 -0.01816680
0.00255132 0.02467059
-0.00508965 0.00000000
0.00255784 0.00601915
-0.02307782 -0.01196628
-0.01566952 0.02422241
0.00530632 0.04447729
-0.01847409 -0.00566062
0.01882180 -0.00853927
-0.02387236 -0.06616208
-0.04325919 -0.01229737
0.00847784 0.02490096
0.04216023 0.03658200
-0.00268883 -0.00892263
0.00269608 0.00309057
-0.00549988 -0.02076356
-0.03514809 -0.05116279
-0.01120876 -0.03489043
0.02267165 0.03943830
-0.01385565 -0.00316183
0.00843020 0.00317186
-0.02799240 -0.01580914
-0.00860047 -0.03533879
-0.04639853 -0.04677566
-0.02122674 0.01762744
0.02168709 0.03433209
-0.04245348 -0.03651177
0.01266734 0.01378014
0.00625444 0.00000000
0.01864670 0.01019463
0.00610179 -0.01636086
0.00000000 0.01383491
-0.02122674 -0.03066544
-0.00619631 -0.01391965
-0.02819895 -0.03561117
-0.01603966 -0.02960745
0.03275045 0.05330819
0.03472521 0.03238405
-0.01525447 -0.04539723
0.02478524 0.03302510
0.06376254 0.06377877
-0.02286526 -0.01667919
0.01454257 -0.02368582
0.00286682 -0.00344342
-0.00857588 0.00000000
0.00000000 0.00000000
0.00288336 0.01743364
0.02888134 0.00339611
0.00279436 0.00676923
-0.01114630 -0.02032396
0.03099782 0.03119638
-0.00546652 -0.01013462
0.00549656 -0.01696210
0.01652379 0.03792943
0.00537766 0.02336379
-0.02686604 -0.05195375
0.00811993 0.00000000
0.00545229 0.02732325
0.01934927 0.01998497
0.00000000 -0.00648203
0.00265990 0.02950771
-0.00265284 0.00331269
-0.00544070 0.00000000
0.02176027 -0.00961815
-0.01594289 -0.02246702
0.00000000 0.00000000
-0.02430178 -0.01319692
-0.02218092 -0.00661157
-0.03408947 -0.01679020
0.00892154 0.00000000
0.00000000 0.00676923
0.02613784 0.01696210
0.01976936 0.01667919
0.01118429 0.00990245
-0.00823399 0.00965901
-0.01672863 -0.01927816
-0.00554505 -0.01640556
-0.00849069 -0.00991736
-0.01712679 -0.02367582
-0.00299090 -0.01025960
-0.00286944 -0.00706769
-0.00300850 0.00347991
-0.00577276 -0.01040353
0.02942729 0.00700860
-0.02294578 -0.00695982
-0.00288638 -0.01768079
-0.01473684 0.01086428
-0.01482372 -0.02149503
0.03022909 0.02196721
0.00000000 0.00352903
-0.00289474 0.01774297
-0.01768277 -0.01397833
-0.00900054 -0.02835298
0.00000000 0.02557377
-0.01830012 -0.00351662
-0.00303783 0.01411614
-0.00304709 0.00347991
-0.00319533 -0.01387138
0.00000000 0.00000000
0.00627178 0.01406650
-0.01855956 -0.01040353
0.00310471 -0.01067219
0.00323579 -0.02141362
-0.01570607 -0.01085884
-0.03818208 -0.02594810
0.00000000 0.01519809
-0.00992446 -0.01110177
0.03336326 0.03384929
0.03243087 0.01464298
-0.00631048 -0.01086428
-0.01580581 -0.01081967
0.00000000 -0.02568777
-0.02882134 -0.01888076
-0.02642847 -0.03467406
-0.04397938 0.00395115
0.00000000 0.01985689
-0.04616117 -0.02332924
0.03725262 0.03987069
0.01779702 0.01537133
-0.01055451 -0.02653513
0.02499602 0.03110257
-0.03479341 0.01118455
-0.01432250 0.01122842
-0.01093878 -0.01110375
0.01848795 0.02228926
0.01799028 0.00000000
0.02133418 -0.00360656
0.01745908 -0.00361961
0.01378888 0.01469617
0.01012543 -0.00732303
-0.03680431 -0.01081967
-0.00357254 0.00364601
0.00358535 -0.00726552
-0.01397950 -0.02594810
-0.02804033 -0.04918033
-0.05445705 -0.05172414
0.00000000 0.01666667
0.00000000 -0.00409836
-0.10730202 -0.08286569
0.02150538 0.02243524
-0.00845865 -0.04867345
-0.05080569 -0.06500315
-0.01777512 -0.03094864
0.03639691 -0.01018283
-0.03963116 -0.01660042
-0.04555669 -0.08440323
0.03831336 0.04388471
0.02762317 -0.01542289
0.04473420 0.07604851
0.05587558 0.06245598
0.01218403 0.00994475
0.01598994 -0.01947484
-0.03147657 -0.05735327
0.04308928 0.03361742
-0.01172764 0.01007787
0.04782147 0.02607710
-0.00760649 -0.05281768
-0.00766479 0.01866542
0.01150017 0.02130096
0.03444765 0.01480153
-0.03690945 -0.04883978
-0.01924715 0.01231413
0.00781521 -0.02249254
0.04273652 0.01667058
0.00000000 -0.01847575
0.00000000 0.04188235
0.00000000 -0.03613370
-0.00743679 -0.01452671
-0.01132201 0.01260105
0.00757831 -0.00211317
-0.00752131 -0.01035294
0.03031324 0.03376129
-0.00359595 0.01839926
-0.01115486 -0.00609756
0.01874585 0.05339696
0.02931119 0.06708369
0.01771872 -0.01799070
0.04197109 0.04116921
0.04028047 0.01304864
0.01606195 0.00000000
-0.01270289 -0.00858704
-0.00643317 0.00452756
-0.01611511 0.01312953
0.00979819 0.00870406
0.01955105 0.00441035
0.01605114 0.03455517
-0.01887320 -0.04170511
-0.04816187 -0.03485461
-0.02020958 0.03152434
0.03789152 0.00000000
0.00000000 0.02185687
0.03636096 0.05981450
0.03835227 0.05250938
0.01846785 -0.02681147
-0.00604433 0.03539669
0.01216216 0.00000000
-0.02096128 -0.01902998
0.01840993 0.01939914
-0.02410284 -0.01145167
-0.00617453 -0.01533220
0.00303742 -0.01955017
0.00619408 0.01994000
0.02161423 0.00397924
0.00294590 0.00000000
-0.04499332 -0.03894537
0.00000000 0.00000000
0.00000000 0.02420656
0.01565777 -0.00385154
0.00316586 0.00000000
-0.00933041 0.00790861
0.01565097 0.03940715
0.04295650 0.05301124
-0.01477511 0.00716903
-0.00291971 -0.01787409
-0.02395847 -0.01819939
-0.02154643 -0.01853675
0.00627178 0.00752131
-0.02174515 -0.01874585
-0.00962764 -0.00371936
-0.00314510 0.00000000
-0.01290693 -0.02307823
0.01627197 0.02362342
-0.02573267 -0.02307823
-0.00322817 -0.00781657
-0.00662447 -0.00385154
0.00000000 -0.00404218
-0.00340842 -0.01199929
0.04014870 0.02429005
-0.02887777 -0.02371404
-0.01987340 -0.00803715
-0.00345449 0.02034570
-0.01009797 -0.01588142
-0.01035323 0.02026179
-0.02415385 -0.01599297
-0.01056283 -0.01607430
0.02501593 0.03285533
0.01399036 0.01581722
0.01379733 0.01557093
-0.02389233 -0.02691653
0.00356313 -0.00385154
0.00339611 0.00790861
-0.02076923 -0.02371404
-0.03173606 -0.04429362
-0.02547461 -0.02952719
0.00749251 0.00000000
-0.03354817 -0.03042557
0.00000000 0.00436941
0.02308482 0.04034012
0.03760655 0.05151112
-0.00354381 -0.00831526
0.03265438 0.00838498
0.00344396 0.00000000
0.02464899 0.00813449
-0.01720463 0.00394477
-0.01037955 0.00000000
0.01048842 0.00410788
-0.01037955 0.00391320
-0.00360050 0.00815025
0.00361351 -0.00404218
-0.01408892 -0.03193930
-0.01429025 -0.04520598
-0.01079253 0.00000000
0.00000000 0.00859107
0.00358248 0.00530002
0.01833523 0.02146488
0.00000000 -0.00423963
-0.02151052 -0.02110330
0.00000000 -0.01304841
0.01091028 0.01322092
-0.02174613 -0.00869894
0.00740985 0.00877528
-0.01095129 -0.00869894
0.01107255 0.01316292
0.00375940 0.01280362
0.00358248 -0.00855178
-0.00356969 0.00862554
0.05487706 0.04238706
0.01728929 0.04066346
0.01031867 0.00771208
-0.01021328 -0.00374150
0.01365706 0.02321612
0.00000000 0.01901902
-0.01347305 -0.00736739
-0.00682853 0.01121557
0.00000000 -0.00733975
0.02062643 0.01856720
0.02694611 0.02210034
-0.00320700 0.00726010
0.00321732 -0.01425885
0.00335277 -0.00731203
-0.01641726 -0.01457166
-0.01329394 -0.02599935
0.00344311 0.00767434
0.00999552 0.00761589
-0.00029542 -0.01511666
0.02703901 0.02285619
-0.00330888 0.00375143
0.01645497 0.01104972
-0.01618858 -0.01462552
0.00000000 0.00000000
-0.01991917 -0.01484260
-0.01001473 -0.01125828
0.00000000 -0.00385131
-0.00684320 -0.00386620
-0.01707609 -0.02699966
-0.01051509 -0.01578217
0.01771138 -0.01603524
-0.01740315 0.00823782
0.00354228 -0.00817052
0.01749540 0.03259312
-0.00678733 -0.00381547
0.01032650 -0.00400418
0.00000000 0.00402028
-0.01022095 -0.00800836
-0.01397115 -0.00403650
-0.00693054 -0.01603524
-0.01426799 -0.02453438
-0.00723726 -0.02092895
-0.01077655 -0.00412526
-0.02931753 -0.03012615
0.01881499 0.03979810
-0.01474162 -0.01269604
-0.00378165 0.00850983
-0.00759201 0.01293831
-0.03043406 -0.02536098
0.01972556 0.02602089
0.00000000 0.00000000
-0.00773759 0.00000000
0.02322428 0.02536098
0.01507621 0.02455317
0.00375388 0.00000000
-0.01105691 -0.00405286
0.00000000 0.00000000
0.00378165 0.00000000
-0.02260442 -0.03220099
0.01156360 0.00840951
0.00762094 -0.00416969
-0.03008879 -0.03732023
-0.02322428 0.00000000
0.01978480 0.01285930
-0.01565691 -0.02557879
-0.03146611 -0.02184327
0.03659407 0.05817826
-0.04322370 -0.04220659
-0.02465803 -0.02203324
-0.02122163 -0.01363636
0.04317496 0.02744941
0.02891741 0.02223089
-0.00808010 0.01735979
-0.01611475 -0.01706357
-0.02879770 -0.01735979
-0.02131208 -0.02659678
-0.03029729 -0.03629837
0.04471783 0.01883278
-0.02130841 -0.01381272
-0.03055768 0.00926880
-0.01359338 -0.02775510
0.02276813 0.01910160
-0.02226128 -0.01874356
0.03195526 0.02392947
-0.00445133 0.01394014
-0.00447123 -0.01374848
0.02694786 0.00922509
0.01293022 0.01848466
0.00000000 0.00000000
0.00000000 -0.02712405
-0.02140041 -0.01414514
-0.01764819 -0.01414015
-0.00429604 -0.02889686
0.00000000 0.00000000
-0.01353207 -0.01781060
0.00457256 -0.01017249
0.01800910 0.02345845
-0.01769051 -0.01287928
0.00455175 -0.00199027
-0.00453113 0.00598272
0.01345735 0.01916300
-0.00429604 -0.00497082
0.00000000 0.00000000
-0.02706413 -0.04148567
-0.02761540 -0.04350782
0.01907131 0.03032457
-0.02339300 -0.02736261
-0.00937305 -0.01725768
-0.02417998 -0.01756074
-0.01659125 -0.02448580
-0.01205083 0.00000000
0.00199601 0.02735944
0.04249668 0.05814806
0.00000000 0.00623413
-0.04267516 -0.04176228
-0.01020182 -0.00454981
-0.04100381 -0.01756074
0.00000000 0.02007836
-0.01074766 0.00672108
0.00614077 0.01287554
0.01525822 -0.00423729
-0.03213873 -0.03002364
0.01552795 0.00658055
0.07151259 0.06392252
0.00000000 0.00204825
0.02744237 0.02293891
0.02457265 -0.00621670
-0.01438999 -0.01831993
0.00973339 0.01046882
0.02891869 0.02454955
0.00936864 -0.00197846
0.00000000 0.00396476
0.02804681 0.01513822
-0.03631011 -0.02269289
-0.02342159 -0.00597081
-0.00479666 -0.01423804
0.00000000 0.00000000
0.05322716 0.03904311
-0.01850378 -0.01585578
-0.00466248 0.00595895
0.01405295 0.01513822
-0.00461940 -0.00994165
-0.02320420 -0.01287928
-0.01425325 0.00398054
0.01445935 0.00396476
0.02850651 0.03510312
0.02791725 0.03391268
-0.00449394 -0.00471505
0.00451423 0.00926880
0.00449394 -0.00448980
0.00447384 0.00000000
0.01336174 0.00451005
0.00439518 0.01408163
-0.00875190 -0.03058966
-0.01765835 -0.01453187
0.04044549 0.02443649
-0.00863850 -0.00945918
0.00435689 0.00477476
-0.02602791 -0.03347107
0.00000000 0.00000000
-0.00445391 0.00491663
-0.01789535 -0.01467773
-0.00930877 -0.00496546
-0.00919632 -0.01996095
-0.00464084 -0.00619880
-0.01398743 -0.00824237
0.00472862 0.01662174
0.00941273 -0.00817499
-0.03263734 -0.02650925
0.00963956 0.00205950
0.00000000 0.00411053
0.00000000 -0.00204685
-0.00477377 -0.00205105
-0.02877998 -0.01484357
-0.01395748 -0.02341215
0.01916376 0.00878234
-0.00491453 -0.00235294
0.03951041 0.02617925
0.00475108 0.00643530
-0.00472862 -0.01278831
0.00475108 0.00439510
0.00000000 0.00207278
0.00472862 0.00206849
0.00941273 0.00435780
0.00000000 -0.00433889
0.00932495 0.00848624
-0.02771641 -0.01682966
-0.02375542 -0.02128152
-0.01460009 -0.01299929
0.00493880 -0.00670498
0.01474359 -0.00216972
0.00968625 0.00893936
-0.00959333 -0.00670498
-0.01937250 -0.01108968
0.00987760 0.00901999
-0.00978099 -0.00893936
0.00987760 0.00901999
-0.01467149 -0.02222759
-0.01899007 -0.00222387
-0.01011879 0.00000000
-0.01844444 -0.00470530
0.01879104 0.01841254
0.00000000 0.00903982
0.02977778 0.02445521
-0.02503237 -0.01299929
-0.00398406 -0.00454981
0.03488889 0.01563628
0.00987760 0.00426338
0.01467149 0.00660377
-0.01445935 -0.01077788
-0.01956198 -0.01752724
-0.00607244 -0.00891996
-0.02618372 -0.02018974
0.00000000 0.00000000
0.01456419 0.00695134
-0.00220848 -0.00221893
0.01637893 0.00914257
-0.02003484 -0.01126347
-0.00622222 -0.00247647
-0.02057245 -0.01588878
-0.01689498 -0.01866801
-0.03646075 -0.02827764
-0.01759460 -0.00502646
0.00441609 0.00239298
-0.01563263 -0.02440318
0.02282878 0.02011963
-0.02013586 -0.01732409
0.02500619 0.02251153
0.06014493 0.04164456
0.00637959 -0.00713012
-0.01675345 -0.01872275
-0.02118351 -0.00967067
-0.00446954 -0.00501452
-0.00425331 0.00503979
-0.02183199 -0.01477963
0.00000000 -0.00508974
-0.03590490 -0.05788907
0.00704580 0.00000000
0.00699650 0.01343241
-0.02059553 -0.02368866
0.03040284 0.03495090
0.02262110 0.00781468
-0.01562876 -0.03627804
-0.04054714 -0.05086207
-0.00941955 0.00000000
-0.00231303 0.01695428
-0.02369912 -0.02798452
0.01952507 0.01163859
0.00232919 -0.00302755
-0.01678286 -0.01973884
0.00262605 -0.00867410
-0.01702462 -0.00875000
-0.00479616 0.00567465
0.01472557 0.02351097
0.00976253 0.01439510
0.04337601 0.06219807
-0.00475833 -0.02671973
0.01157524 0.02190421
0.01616915 0.01857674
-0.00685435 -0.00252525
-0.00912004 -0.01575246
0.01840796 0.00800229
0.03150953 0.01332577
0.00734075 0.01035255
0.00658204 0.00000000
0.00887436 -0.00249238
-0.00671296 -0.01054970
-0.01095316 -0.02861953
-0.01107446 -0.00808781
0.00452704 -0.00553291
0.02229602 0.00263543
0.02877030 0.03563084
0.03631033 0.03694303
-0.01871600 -0.02039706
0.00842759 0.00777346
0.00000000 -0.00247934
-0.01033649 0.00497100
0.02111111 0.02335807
0.01022851 0.00483351
-0.00193882 0.00507750
0.01618822 0.00983781
-0.00403568 0.00500263
0.00213265 0.00497773
-0.00212811 -0.01720542
0.01023672 0.00503979
0.00000000 0.01240433
0.00485539 0.00964546
0.00504202 0.01936483
-0.01191472 -0.00709220
-0.00401946 0.00943878
-0.01210705 -0.00935052
-0.02429585 -0.03341837
-0.01476421 -0.02718395
-0.00402595 -0.00244167
0.01684258 0.01278216
-0.00419611 0.00000000
-0.01663340 -0.01262084
-0.00225530 -0.00761490
0.00000000 -0.00274048
0.00429476 0.00000000
0.01913122 0.05413575
0.02098057 0.03649635
0.01016656 0.01408451
-0.00192719 -0.00446429
-0.00600729 0.00224215
0.02741204 0.03479990
0.00000000 0.00240211
0.01491597 0.01341960
-0.01945767 -0.00236463
0.02491028 0.02441337
-0.00494336 -0.00416474
-0.01469675 -0.01092007
-0.01092437 -0.03969932
0.00615973 -0.00684932
0.00000000 0.01379310
0.01984378 0.03425656
0.00000000 0.02419544
-0.00972883 -0.01720184
0.01484114 0.01096850
0.01956746 0.04524469
0.00000000 0.00198763
-0.01434343 -0.01432665
-0.03299857 -0.04181574
-0.00402713 -0.01960327
0.00404341 0.02213759
0.00890208 0.00884956
0.01995798 0.01939058
0.01462410 0.01902174
0.01928542 0.03733333
0.01414061 0.04220223
0.00923017 -0.00472765
0.00934034 -0.00495663
0.03200309 0.03881279
0.03979077 0.05154845
0.02551204 0.00437013
-0.00840925 -0.01778282
0.00000000 -0.00885978
-0.00406360 -0.00913331
0.01667554 0.03667386
0.01657651 0.00889141
0.01218675 0.00431277
0.02017975 0.03491412
0.00000000 0.00000000
-0.00797872 -0.00847916
0.00000000 0.00855167
-0.00787534 -0.02958687
-0.04796487 -0.05205429
0.00833777 0.03667386
0.02920479 0.03537647
0.00410256 0.01279006
0.01600272 0.02110770
-0.01189678 -0.01643110
-0.04018993 -0.03377043
-0.01254417 -0.00427589
0.02129182 0.02613891
0.06639804 0.08515284
-0.04682109 0.00000000
0.00827301 -0.01559356
-0.01213675 -0.01992846
0.00397993 0.02033368
0.06135815 0.08363141
0.00373498 -0.03678089
0.01925255 0.01142298
-0.01698413 -0.02646015
-0.02696593 -0.01939012
0.02373050 0.00405611
0.01556168 0.02356506
0.00367119 0.00000000
-0.01892494 -0.01151127
0.01556168 0.02728331
0.00367119 -0.01133603
-0.01892494 0.02293202
0.01929000 0.01489191
0.00000000 0.01846008
-0.02639949 0.00371805
-0.01943809 -0.05062510
-0.00799600 -0.01138026
0.00000000 -0.01529354
0.02804366 0.03122913
0.01159752 -0.00388664
-0.00775069 -0.01138026
0.00390561 0.00394672
0.00000000 0.01523342
-0.00389042 0.00371087
-0.00764849 0.01141296
-0.02738603 -0.01859504
0.00404654 0.00761134
-0.01209068 -0.01141112
-0.01206867 -0.02324825
-0.01634549 -0.01964048
0.02903621 0.03616299
0.00407955 0.00786498
-0.02810225 -0.03088929
-0.02090228 -0.02784768
-0.02526241 -0.02467645
0.00857821 -0.01256193
0.00434311 0.00842143
0.00000000 -0.02523099
0.00864865 0.04757565
0.00839586 0.00000000
0.00850310 0.00417609
0.02511857 0.02876451
0.02039068 0.03200270
-0.00806045 0.00391709
-0.00795666 -0.00390180
-0.01638225 -0.00767096
0.00000000 0.00378289
-0.02064539 -0.01933475
0.01700620 0.03558897
-0.00836091 -0.00371087
0.04602143 0.01910931
0.00403023 -0.00746862
-0.01204215 0.00000000
-0.02420857 -0.03041947
-0.00815406 -0.01568692
0.00000000 -0.00805234
0.01241910 0.02012515
0.00829302 -0.00397878
-0.00411241 -0.00382823
-0.00412939 0.00000000
0.00414651 -0.00401003
0.00412939 0.01996309
0.00411241 0.00000000
0.02030717 0.03125000
0.05168088 0.06810207
0.00763359 0.01776915
-0.00378788 -0.00352113
-0.02645754 -0.02797409
0.03889341 0.03953348
0.03352130 0.01733936
0.01803577 -0.01016901
0.03200834 0.00347272
-0.01038661 -0.01369863
-0.00349854 -0.00701754
0.01740784 0.01045348
0.03436377 0.04502404
0.02641090 0.02649191
0.00650054 0.03232817
-0.01924112 -0.02500000
-0.03923721 -0.03535763
-0.01699272 -0.01650811
0.00000000 0.01351351
-0.03108658 -0.02666667
0.02488756 0.01701514
-0.00351083 0.01020842
0.00000000 -0.01333333
0.02451556 0.04054054
0.02049004 0.01941217
-0.00336984 -0.00630280
0.00000000 -0.01605938
-0.00662158 -0.00658346
0.00000000 0.02305674
0.00326195 -0.00647773
-0.00325134 0.00000000
0.01347327 0.00651997
0.00993563 -0.00971660
-0.00651240 -0.00967566
-0.01994421 -0.01954039
-0.00683080 -0.02007018
-0.01017338 0.00000000
-0.00694847 0.00343741
0.03119534 0.03725378
0.00000000 0.00977019
-0.00664405 -0.02902698
-0.02035008 -0.01010526
-0.00348635 0.01020842
0.00000000 -0.00336842
0.00000000 0.01999718
-0.01034985 -0.02291868
-0.01414052 -0.00664123
-0.02838787 -0.02034139
-0.01460864 -0.02410338
-0.01123596 0.00000000
0.01136364 0.00699301
0.00358926 0.00709220
-0.01104027 -0.01745892
-0.00377358 0.00358369
-0.03756313 -0.01770570
0.01164316 0.01438958
0.01556168 0.01224429
-0.02282522 -0.01770173
-0.00784058 0.00720829
0.00395127 -0.00715670
0.03115776 0.03228713
-0.01129135 -0.00683736
0.00772077 0.01039988
0.01899441 0.02783416
0.01864035 0.02369535
0.00000000 -0.01653348
-0.00738121 0.01008686
0.00371805 0.01664355
-0.03673406 -0.03601637
-0.02675853 -0.02377583
-0.00395127 -0.00695854
0.00000000 -0.00335766
0.00000000 -0.00351545
-0.02760331 -0.02822284
-0.01206867 -0.01089094
0.02460427 0.02936229
-0.02804366 -0.02495914
0.00414651 0.00000000
-0.00412939 -0.00365686
-0.01226676 -0.01101086
0.00000000 -0.00742230
-0.00419801 0.00000000
0.00843141 0.01121670
-0.02490855 -0.02218456
0.00000000 -0.01118639
-0.01286174 -0.01529637
-0.03438292 -0.04271845
0.00543478 0.01622718
0.01360671 -0.00798403
-0.02243472 -0.00804829
-0.00921746 -0.00811359
-0.06018606 -0.05708930
0.01979798 0.00433761
0.05309033 0.04750765
0.00470278 -0.02886102
0.02733571 0.06350610
0.01330417 -0.00399202
0.00431655 0.01603206
0.02632522 0.05111769
0.00000000 -0.00375293
-0.00436224 0.00376707
-0.00841220 -0.01860829
0.00000000 -0.00382409
-0.02156239 -0.03838772
0.00433526 0.01596806
0.04388489 0.04305828
-0.00430737 -0.01491132
0.00000000 0.00000000
0.00847898 0.00382409
0.00428964 -0.00380952
-0.03758756 -0.02676864
-0.00426061 -0.00392927
0.00000000 0.00394477
-0.01301480 -0.00785855
-0.03522399 -0.02376238
0.00000000 -0.01217039
0.00000000 -0.00804244
0.03651002 0.04536829
0.00000000 -0.00396040
0.00867052 0.01590457
-0.00859599 -0.01956947
0.01318642 0.01996008
0.00000000 -0.00391389
0.01301480 0.00392927
0.01284759 0.00782779
0.01702867 0.01553398
-0.02921579 -0.01529637
0.00422386 0.00388350
-0.00420610 0.00000000
-0.00862372 -0.01547389
-0.02591869 -0.01571709
0.00893020 0.00399202
0.00867052 0.01192843
0.00877507 0.00000000
-0.01295935 -0.00392927
0.03938849 0.03550296
0.00432601 0.00000000
0.00000000 0.00380952
-0.00430737 0.00743201
-0.00415297 0.00000000
0.00000000 0.00000000
-0.01685491 -0.00376707
-0.00866030 -0.00362376
0.00000000 -0.01138520
0.00427884 0.00767754
0.00869874 -0.00761905
0.02569518 0.03055022
0.02093343 0.00744995
0.00823529 0.00000000
-0.01216870 -0.00369743
-0.00826865 0.00742230
0.00408372 0.01473523
0.00830368 -0.00363031
-0.00823529 -0.01093062
0.00830368 -0.00368381
0.00000000 0.00369743
0.00823529 0.01841903
0.00816803 -0.00723436
0.02414021 0.01457416
0.03535680 0.02154721
0.01528146 0.02094624
0.00000000 0.01377331
0.00000000 -0.01698273
0.01121180 0.00345523
0.00000000 -0.00344333
0.00744228 0.01382090
0.00000000 -0.00340812
-0.01100558 0.00341978
0.02972561 0.01704061
0.00725389 0.01675510
-0.01793063 -0.01977479
-0.01825801 -0.00336229
0.01112805 -0.00337363
0.01100558 0.01015515
0.00357888 0.00335102
-0.00713224 -0.00667965
0.01451661 0.01681143
-0.00354035 0.00992009
-0.00725389 -0.00982265
0.00357888 0.00992009
0.00371471 -0.00327422
-0.01080681 -0.00656994
-0.02918288 -0.03637366
-0.00755357 0.00000000
-0.00761106 -0.00686303
0.02285178 0.01382090
0.02249426 0.01022437
0.00553726 0.00674726
-0.00729275 -0.00335102
-0.00374813 0.00000000
-0.01098570 -0.00336229
0.00000000 0.00674726
0.00365186 0.00670204
-0.01485749 -0.00665742
-0.01123423 -0.01675510
0.00762646 0.00000000
-0.01899907 -0.01363249
0.01165171 0.01382090
-0.01525292 -0.01704061
-0.00774459 -0.01040162
-0.01561007 -0.01737226
-0.00809061 0.00356559
0.00815661 0.00355292
0.03171521 0.03171559
-0.00768507 -0.01372605
0.00000000 0.00695854
0.02702703 0.01727613
0.00754078 -0.00339655
-0.00366580 -0.00340812
0.01119117 0.01709889
-0.00363857 0.01008686
-0.00745587 0.00332871
0.01870305 0.00995300
-0.00361174 -0.00656994
0.01480139 0.01970240
0.01101354 0.00972842
-0.01457383 -0.01284625
0.00746938 0.01301342
0.00726572 0.00321156
0.00000000 -0.00320128
0.01074636 -0.00642312
0.03932421 0.01616162
0.00686659 -0.00318091
-0.00347947 -0.00957320
0.00000000 0.00966573
0.02402235 0.00638213
0.00000000 -0.00898401
0.00668303 0.02586322
0.00338707 0.00000000
-0.01998380 -0.00623782
0.01364012 -0.00640774
0.00666032 0.00000000
-0.02984067 -0.02237431
0.00334029 -0.00646204
-0.01012623 -0.00663957
-0.00350336 0.00668394
0.02067220 0.01314363
0.00000000 -0.00320984
-0.00330670 -0.00657453
-0.00345590 0.00324149
0.01706201 0.01305870
0.00340971 -0.00637874
0.00000000 -0.00655343
0.02324317 0.01305870
-0.00969713 -0.00318937
0.00657277 0.00653246
0.00652985 -0.00331126
0.00000000 -0.00637874
0.00966503 0.00976327
-0.00314713 0.00000000
-0.00644567 -0.01933775
-0.03574739 -0.03282010
-0.00343265 0.00000000
-0.02025351 -0.02709119
0.00000000 -0.00344481
-0.01026579 0.00345672
0.00341006 0.00703316
0.01387709 -0.00698404
-0.00684358 -0.01736759
0.00689073 0.02118025
-0.00684358 -0.00343299
0.00351568 0.00344481
-0.00350336 -0.02074095
-0.01378147 -0.00365177
-0.02438329 -0.01055564
0.02499269 0.03230108
-0.00342222 0.00703316
0.00343397 -0.00356328
0.00000000 0.00000000
0.00000000 0.00700901
-0.00698702 -0.01377841
-0.00703619 -0.00360075
0.00000000 0.00000000
0.00000000 -0.00346921
0.01778742 0.01058892
0.00696221 0.00703316
0.02074220 0.00684151
-0.00345590 -0.00339751
0.00000000 0.00340909
-0.00332917 -0.00679502
0.02045929 0.01382554
0.00000000 0.00000000
-0.00668303 -0.00688880
-0.01016065 -0.00679502
0.00679706 -0.00356328
0.00344448 0.01044200
0.00343265 0.00000000
-0.01012589 0.00000000
-0.02709428 -0.01712911
-0.00355215 -0.00360075
-0.01040924 -0.00693842
-0.01066282 0.00000000
0.00713662 0.02125182
0.01070137 0.00342075
-0.00701102 -0.01036932
0.00345821 0.01736759
-0.00344630 -0.00338600
-0.01066282 -0.00339751
0.01427323 0.01321023
0.01062608 0.00350484
-0.00355215 0.00000000
0.00000000 0.00000000
-0.01040924 -0.00698519
-0.01066282 -0.01027012
-0.01063210 -0.00355366
-0.01810688 -0.01041370
0.01109445 0.00000000
0.00355872 0.00000000
0.00723995 -0.00360386
0.00718791 0.00361690
0.00364113 0.00000000
0.00348280 0.00000000
0.00708604 0.00345971
0.00703619 -0.00344778
-0.00342222 0.00345971
0.01044499 0.02111766
0.00693854 0.00000000
-0.00689073 -0.00337648
-0.01727556 -0.01383399
0.00000000 0.00343544
-0.00360231 0.00000000
0.00708604 0.01055635
0.01407237 0.00691700
0.00354007 0.00350484
0.01030055 0.01704387
0.00349162 0.00343407
0.00000000 0.00000000
0.00000000 0.00000000
0.00000000 0.00000000
0.00334029 0.00670773
0.00346789 0.00666304
0.00331767 0.00324193
0.00344448 0.00336610
-0.00109845 -0.00657542
-0.01374570 -0.00337701
0.00696864 0.00664137
-0.00692042 -0.00659755
-0.01045296 -0.00989428
-0.00704225 -0.01013005
-0.00354610 -0.01009542
-0.00355872 0.00684549
0.00000000 -0.00679895
0.00357143 0.00684549
-0.01423488 -0.01373665
0.00000000 0.00351716
0.01083033 0.01037432
0.02142857 0.01012904
-0.00349650 0.00000000
0.00701754 0.00673077
-0.01045296 -0.00996043
0.00352113 -0.00344542
0.00350877 0.00677638
-0.00349650 -0.01002747
0.01052632 0.01012904
-0.00347222 0.00000000
0.00348432 0.00000000
0.01388889 -0.00329670
-0.00342466 0.00000000
-0.00343643 -0.00344542
-0.00689655 -0.00331904
0.01041667 0.00679895