7.98068280 2.56116200
6.05230830 1.80667780
4.29610010 0.99259973
4.96975800 0.67070395
3.37522550 1.29407020
4.15392300 1.03634010
3.33582140 1.66896840
3.07348250 1.69167110
3.67666700 5.28578570
5.11106250 0.39057314
6.82764670 1.97516660
5.04633380 2.03259180
2.67867730 1.19489190
2.84858080 2.07583000
1.38577400 1.34761810
7.50255730 1.79877140
8.18387220 3.02881690
7.55400040 2.08770230
11.42935400 2.99250220
8.61934100 2.47634270
8.71716620 2.48088670
8.62534390 2.46778960
8.34894110 2.43944800
7.90502050 2.39767960
7.32770900 2.34745910
6.66107960 2.29380880
5.95228550 2.24092590
5.25128320 2.19220270
4.60980320 2.15062150
4.07273300 2.11763900
3.67539570 2.09429850
3.44294420 2.08063530
3.38930030 2.07435180
3.51560980 2.07349370
3.80773260 2.07485160
4.23603100 2.07346240
4.76540030 2.06666250
8.87709620 2.41374640
5.73631100 1.81674980
4.88210340 1.38216150
5.25614260 1.32761450
7.31093740 1.86958990
3.17244790 1.16918160
5.40262030 1.59786610
8.66064450 2.16833930
10.60275700 2.73518510
8.30040070 2.30134990
7.17803720 1.99215530
6.49540000 0.72545171
7.52044870 1.58427790
4.54186200 1.82677290
5.13282160 0.67515570
3.16120670 0.98123777
2.14163990 0.67195618
3.19559260 1.79600030
1.80453570 1.95393340
3.44231820 2.79213120
4.68528510 3.09310790
2.91778610 1.49395530
2.60651990 2.43758750
2.97547080 3.58549310
4.86428580 2.72449800
3.24650000 1.73673640
4.38968180 3.54404620
4.48085740 1.98798760
5.59850030 1.01395930
11.99136300 3.58396320
9.81880000 2.32659240
7.04399970 2.07723140
0.42236361 4.09429030
1.41932090 1.00000000
1.47439130 1.59529190
4.42860790 0.97540760
2.66883990 0.64232433
3.27016000 0.58924162
3.22456000 0.04695068
2.50945830 0.02128744
6.09017370 0.97900629
4.02454520 1.08895560
3.36338090 1.83051090
2.39965250 1.54315410
7.84758330 1.40663110
13.40791800 2.33808540
15.37954600 2.73342300
17.02825900 3.80061320
13.89904900 3.74935700
11.13500000 3.80658270
12.53249900 1.97124620
14.66478300 3.22498300
14.15086900 2.48949190
11.67913000 3.21509960
11.38190600 4.14276310
9.41350080 1.66601440
5.45419980 1.24144480
5.75644450 4.82289890
8.52119060 2.51348260
10.17095300 3.53682540
7.42275050 1.82831080
7.41614290 2.58287620
6.86600070 2.96431800
7.30163570 3.77170090
9.13545510 3.35147240
12.00090900 4.67527060
7.98149920 2.07939550
13.44434700 2.80714580
12.05428600 2.13118410
9.62904830 3.09030390
9.07444380 1.92161320
10.44850000 2.60018680
11.59600000 4.28540660
11.17500100 2.96182870
11.53330300 3.08306240
12.08842200 3.30178240
11.41180900 3.11984320
14.22142900 3.20400620
11.86461500 3.70430230
9.65315720 2.83939620
6.43160010 3.57620000
6.58300020 2.40140440
6.65181260 2.27076170
10.49733300 3.90204020
13.52353000 4.06411740
17.62181900 5.56878280
15.40705900 5.40573070
12.72176500 4.44729380
17.31588400 3.97230740
16.99307600 4.67219160
13.01916600 4.43028450
12.70454500 5.69229410
15.05137400 4.70278440
16.60333300 3.23339770
15.34350600 4.44980200
11.86058800 3.15009090
11.17375000 2.57688430
16.50764800 5.72779610
12.36555600 3.07760290
16.03263300 4.91680380
11.75368400 2.18890170
12.71625000 3.31700420
10.81526300 0.65046942
13.12250000 0.38392061
11.27777900 2.37609580
8.97666650 1.17461160
8.88666630 0.27731335
9.69142820 0.63406432
13.76526500 0.63757735
12.82333300 0.58100343
11.86399900 0.21615002
6.71306280 2.86617110
6.49766680 2.38871430
8.42466740 2.28846980
7.47757150 2.20634630
10.90739700 2.98692030
10.80499900 4.20847180
12.60750000 4.33830310
8.93400000 2.70946190
10.53000000 4.06176900
14.84622800 4.88117170
17.39125100 3.96565820
19.09833100 7.67487430
19.98000100 6.58582540
20.57000000 5.05054190
16.75387600 5.49664240
19.03153800 4.93582340
13.20833300 4.88135150
16.20732800 5.18520800
12.50600000 2.92788390
15.42378900 4.85224230
14.99610500 4.68452520
17.55900000 6.52890490
14.32882300 5.06873130
9.94666670 4.45351120
13.10266600 2.39637730
13.57500000 4.90213580
16.73466700 4.48130660
15.77117700 5.56987570
12.33750100 4.34305380
12.24400000 3.75450590
12.97533300 4.64597180
15.68000100 3.94076490
18.21066700 5.55889650
20.58499900 4.31980610
21.07307800 2.85107920
18.68986900 5.36438460
19.20075500 5.47335080
20.88166600 9.04533480
19.96826200 5.57297800
16.50411800 4.63324400
20.42714900 5.52158880
20.56446500 5.45255330
20.65364200 5.36132520
20.71245200 5.25430150
20.75793600 5.13936620
20.80676600 5.02527420
20.87382200 4.91947790
20.96606800 4.82613920
21.08541800 4.75061700
19.86700100 4.22378300
22.37733300 4.70946600
21.55285800 4.24051280
23.74250000 5.63957790
22.02384600 5.82829900
19.37500000 4.07248500
21.82409100 4.64860360
20.71470500 4.89970300
23.57142600 3.90167120
23.95909100 1.30605940
20.89300000 5.13785310
19.25444200 4.04008770
20.27166700 7.19595720
16.95941400 3.09755330
19.59133300 4.20405480
14.98389100 5.19132140
12.53933200 4.56831260
16.26833500 4.04357580
16.73842400 4.34145550
16.35154000 4.52301500
17.45599900 2.54144950
16.06210500 5.02966170
14.44000100 2.53335360
14.40250000 3.05085250
13.63666700 4.06198060
10.73454500 2.85076050
14.36598100 4.42784900
13.58666600 3.66741610
14.83238100 4.27726270
14.34600000 5.08108230
15.74611100 5.32394740
17.35111200 8.76879600
16.42000000 4.69020750
15.69438600 5.35043200
15.66677700 5.31099870
15.57553300 5.22486550
15.43375500 5.09746870
15.15363600 6.70408340
15.05510300 4.74482210
14.85170800 4.53946260
14.66209200 4.33147710
15.06681900 4.18431620
12.28526300 2.62351040
11.37555600 0.77621818
14.02333300 1.98888000
15.55111100 4.40497020
15.11999900 4.52851390
18.42000000 4.17079110
18.26476100 6.00986340
16.12999900 4.39305590
15.53685700 3.87206890
15.79218000 3.96736270
13.90857100 3.10014410
11.24888900 2.99631930
12.65789400 3.09992670
16.69092900 4.32252280
16.53777700 9.13127230
22.48000000 4.57300850
17.00230100 4.36819910
19.40478100 4.33170740
18.94125200 4.03574040
16.74600000 0.93187934
16.38928600 3.92868280
15.20222200 2.78533030
12.32000000 3.76508240
13.61208200 4.31418180
18.61875200 4.20734600
17.82333600 5.01298520
19.20444300 3.36445090
16.48571200 6.00558710
15.87384400 3.94577260
15.70179400 3.86002440
14.19000100 3.18008730
14.60800100 4.55734160
16.86480100 4.34849600
14.85944500 4.42918590
13.77526300 3.58737990
13.87999800 3.78613260
12.46153800 2.95381860
10.68842100 1.46902620
13.51962900 3.06572910
13.72629500 2.80804750
10.37176600 2.65518070
9.52999880 4.23968360
15.79000200 5.06807990
13.66550100 4.23757790
16.19230800 3.90802960
14.11833400 2.87186810
13.43857200 3.54598430
10.03000100 2.41083360
9.25500110 2.52306870
9.92759990 2.92812680
12.88000000 3.30222610
13.39892900 4.18300720
14.08821500 3.69344430
14.29643000 3.79064750
13.82000200 3.44471570
15.64392800 3.82772520
14.01520000 3.37295770
10.56346200 3.73721810
14.84517300 3.42290450
15.58793400 4.87529710
12.60866700 2.24558140
15.73750100 4.37714100
11.40829800 3.53806150
11.23066700 2.34002420
10.49769300 2.90701910
4.65875010 3.28633000
9.00477060 3.20686660
7.74827580 5.42447810
8.47400000 3.20530410
7.94678910 3.01457170
7.80291350 2.97462950
5.21739960 2.75155880
10.52000000 1.99382570
5.84680030 2.67920160
6.42277380 2.73677870
9.52709770 2.78716830
8.24193570 3.62527300
12.48645100 2.94667480
12.54687500 2.97986720
11.74666700 3.34461280
11.97562500 2.52073650
11.50750100 4.09038450
5.47933340 2.22456620
5.83921860 3.21059320
8.72192380 2.12714080
5.28009650 1.72932970
7.72672750 3.41966650
9.41242410 2.62636850
12.98166800 2.89965420
11.12933300 3.10725070
8.59996800 2.88202950
11.63375100 3.34126330
9.54523660 1.49068630
7.71935700 2.30222250
7.41266680 1.90811530
9.91909220 2.29274390
8.49442390 2.98970890
8.38212200 2.36136010
12.33090800 2.61592270
10.73617600 3.00940470
7.31894110 1.88875010
9.90529440 2.52367690
6.34846830 2.68820140
8.40471550 2.63106710
4.82085320 2.03848200
6.95859960 3.15854530
8.12302880 3.06993410
9.05617520 2.48324250
7.05712510 2.47891710
6.61822840 2.77987840
3.82038160 2.69970510
5.97337480 3.74014850
0.41709766 1.00000000
3.46010420 2.13201660
3.17895130 2.03960220
6.15472410 2.63119410
4.42348480 1.27283190
1.29402940 0.79085666
1.09338210 0.98633277
3.11799980 1.65103960
1.50931500 1.00000000
0.51870269 2.42884640
2.57802840 2.28597380
8.03342820 1.55574670
9.33272550 1.19904530
9.33272550 1.19904530