-0.06957667 -0.06883163
-0.04669642 -0.04940612
0.00981959 0.02020471
0.02917232 0.00846906
0.00000000 0.02519380
-0.00944847 -0.01638311
-0.02861579 -0.01383728
0.02454898 -0.01403144
-0.01437646 0.01133219
0.03878336 0.05094463
-0.04201589 -0.01078602
0.02442904 -0.00275724
-0.01430790 0.00540405
0.00000000 0.01362500
0.00000000 0.01331854
0.03859570 0.03431910
0.05590466 0.04082833
0.03519393 0.00486095
-0.04678363 -0.04634942
0.02672351 0.01285832
0.00000000 0.03028185
0.00000000 0.00486095
0.02177436 0.02441220
0.08514223 0.03338458
0.02740227 0.03219979
0.07636913 0.08040770
-0.06739903 -0.05374500
-0.05703658 -0.05236657
0.03634827 0.00456961
-0.03507341 -0.01830107
-0.01211609 -0.02801724
-0.02852253 -0.02405765
-0.00420826 -0.01976599
0.01267813 0.04531232
0.04580745 0.02882483
-0.00798070 -0.02338362
-0.03610851 -0.04545956
0.01659550 0.04762455
-0.00811456 -0.02868807
0.00404235 0.00000000
0.03709739 0.00488470
0.03965246 0.05392268
0.00764580 0.03260753
0.02276337 -0.01360756
0.01104210 -0.02737995
0.06962457 0.02815072
-0.01029036 -0.02737995
-0.03111147 -0.03280641
-0.03211047 0.00481361
-0.04434895 -0.02417558
0.02320353 0.04463980
-0.01511822 -0.01420765
0.03837573 0.03835920
0.02578427 0.03704890
0.04315040 0.03572532
0.00345382 -0.01292247
0.02065157 0.01752266
0.01011685 0.02137767
-0.01335404 0.00426357
-0.04390935 -0.02508684
-0.00707819 0.00000000
-0.02138594 -0.05581948
-0.04362189 -0.05000000
0.00380834 0.01434404
0.00758779 0.00467747
0.01882662 0.00941966
-0.03326171 -0.02327577
0.00000000 -0.01427630
-0.03431721 -0.02417558
-0.03562880 -0.01975111
-0.10653938 -0.10610296
0.03216156 0.01420195
-0.03115942 -0.01670093
0.00918902 -0.01424092
-0.02276337 -0.00861498
-0.00920910 -0.00574866
0.03750683 0.03200215
0.02266020 0.05094463
0.00443162 -0.00272750
-0.03529653 -0.00546992
-0.02286748 -0.05687500
-0.00457168 -0.01722995
-0.02821214 -0.02629805
-0.03623270 -0.04806094
0.07262113 0.04423105
-0.00457168 -0.00905671
-0.06036085 0.03458943
-0.01256837 -0.04484914
0.00000000 -0.09063745
-0.03076017 0.00688468
-0.03161479 0.01025641
-0.01356103 -0.00338409
-0.02762220 -0.01697793
-0.02277785 0.00345423
-0.04648359 -0.03098107
0.01517280 -0.00694332
0.07805148 0.01772358
0.04184852 0.04920914
0.01330705 0.03334856
0.01848249 0.01620984
0.00000000 -0.01276102
-0.01289398 0.00646298
0.03930818 0.03210741
-0.02013267 0.00622172
-0.00771972 -0.02164137
0.02333932 0.03792014
0.00760234 0.02117354
0.02774231 0.03875864
-0.01468263 0.00287019
-0.01742320 -0.02289580
0.01259916 0.01464519
-0.01244240 -0.01154704
-0.01271582 -0.01460242
0.01287959 0.02074633
0.00501633 0.00580705
0.01764365 0.00288676
-0.01243299 -0.02014916
-0.01744052 0.00587528
0.01010932 0.01460242
0.03537763 0.02014916
0.04394740 0.02244453
0.00936693 0.00275966
0.01845333 0.00550413
0.00460829 0.01915900
0.00000000 0.00268555
0.04065888 0.02142683
-0.00430775 -0.02359952
0.04366637 0.03222656
-0.01253254 0.00260170
-0.00429562 -0.01816466
0.00000000 0.00000000
0.02980684 0.04745315
0.02475483 0.02270903
-0.03623525 -0.00986879
-0.04183939 -0.03239325
0.00875340 -0.00245815
-0.01735488 -0.02581554
-0.01319529 -0.00529993
-0.03126929 -0.02397675
0.00000000 0.00000000
0.01847526 0.02183623
0.00896580 0.00534240
0.01797892 0.01594203
0.02639058 0.01307656
-0.00850475 -0.00774466
-0.00438859 -0.00520341
0.00440793 0.00261531
-0.01306603 -0.00521698
0.00444669 -0.00262217
0.01307979 0.02617113
0.01728076 0.03330616
-0.00429562 0.01487659
-0.03402294 -0.02443087
-0.00436460 0.00000000
0.00876746 0.02003415
-0.01313795 0.00491017
-0.01331285 0.00488617
0.00000000 -0.01944966
-0.02698495 -0.02231489
0.00458667 0.00760807
0.01847526 0.01006750
-0.00458716 0.01495073
0.02272727 0.01473050
0.02222222 0.01924557
-0.01302344 -0.01424256
0.00436460 -0.00470666
-0.00434563 -0.01451666
0.00000000 -0.00982033
-0.00883069 -0.01487659
-0.03113159 -0.02757122
-0.01374062 0.00505882
-0.01393205 -0.02048461
-0.03303989 -0.03680688
0.01955715 0.03002481
-0.01433139 -0.01854975
-0.00973046 -0.01890034
-0.03919133 -0.01913936
0.04078994 0.03354164
-0.00982607 -0.01357354
0.01984715 0.01376032
-0.01465161 0.01085884
0.01975028 0.00805664
0.00478629 -0.01065633
0.00974853 0.01346389
0.02391662 0.01594203
-0.02796528 -0.02876843
-0.01444004 -0.00942472
-0.01465161 -0.00815520
-0.01237230 0.00000000
-0.01999770 -0.01918525
-0.02556585 -0.00279436
-0.05512095 -0.03095147
0.03324417 0.00867508
0.03772189 0.03166536
0.00249465 -0.00833649
0.00782083 -0.00560438
0.00505585 -0.01421801
-0.00245672 -0.00285863
-0.01536297 -0.01720094
0.00774178 0.00875099
0.06701336 0.04929022
-0.00476296 0.01653514
0.02426266 0.01096734
-0.00956210 -0.00816675
0.02874383 0.02175249
-0.01397035 -0.01323070
-0.01416829 -0.01084837
-0.01908941 -0.01626617
-0.03657309 -0.01929099
0.01776178 0.02529059
0.00490476 -0.00548150
0.01486947 0.00551171
-0.01946091 -0.00548150
0.01482833 0.01377928
-0.00977858 0.00000000
-0.02224745 -0.01631039
-0.00510796 -0.01105389
0.00513419 0.00279436
0.00499187 0.01114630
0.00508259 0.00551171
-0.03011148 -0.01370375
-0.03614172 -0.02223064
0.02151463 0.00568402
-0.01311831 0.00000000
-0.00268293 0.02260758
0.03998533 0.06644894
-0.01540270 0.01566549
0.02077860 0.01020527
0.03065045 -0.00505108
-0.00488082 0.01523018
0.02486598 0.01750199
-0.01457986 0.01485536
-0.03693246 -0.04369360
0.00504281 0.01265969
0.01271879 0.01250142
-0.02765296 -0.00987765
-0.02322550 -0.00498810
0.00533786 -0.00751965
-0.00265476 -0.01010217
0.00266183 0.00765395
0.02365150 0.01265969
-0.01284923 -0.00250028
-0.01301648 -0.01503931
0.04488808 0.05610179
-0.00764243 0.00481928
-0.01773629 0.00479616
0.01805655 -0.01431981
0.00000000 0.00000000
-0.02800467 -0.04127229
0.01836735 0.03294685
-0.00518684 -0.00500111
0.01042778 0.01976991
-0.00258004 0.00000000
0.01540270 0.00481928
0.05048634 0.00959233
0.01917989 0.00000000
-0.01416829 -0.02375297
-0.00954471 0.00486618
-0.03378378 -0.02432313
0.02499140 0.02989284
0.00973046 0.00000000
-0.00476296 -0.00963855
-0.01457986 -0.00984296
-0.01479557 0.00502625
0.01501777 0.00977995
-0.01479557 -0.01948052
-0.00504414 -0.00987765
-0.02511810 -0.01745834
0.00000000 -0.00253836
-0.00260017 0.01526894
-0.01030928 -0.01503931
0.00000000 -0.00254482
-0.00778257 0.00255132
0.00265476 -0.00508965
-0.01059093 0.00255784
-0.02384138 -0.02307782
-0.01084112 -0.01566952
-0.01373142 0.00530632
0.00281007 -0.01847409
0.02776716 0.01882180
-0.02168794 -0.02387236
-0.02204206 -0.04325919
-0.00569948 0.00847784
0.01706618 0.04216023
0.00000000 -0.00268883
-0.00563597 0.00269608
-0.00837305 -0.00549988
-0.02273318 -0.03514809
-0.01728034 -0.01120876
0.01474368 0.02267165
-0.01173021 -0.01385565
0.00296736 0.00843020
-0.02044110 -0.02799240
-0.00906096 -0.00860047
-0.03020227 -0.04639853
0.01557143 -0.02122674
0.01842735 0.02168709
-0.02403315 -0.04245348
0.00000000 0.01266734
-0.00622700 0.00625444
0.01552264 0.01864670
0.00911513 0.00610179
-0.01514730 0.00000000
-0.03682800 -0.02122674
-0.00322297 -0.00619631
-0.01925338 -0.02819895
-0.01963135 -0.01603966
0.06664629 0.03275045
0.02823159 0.03472521
-0.01519164 -0.01525447
0.05547693 0.02478524
0.04974524 0.06376254
-0.02235279 -0.02286526
-0.01711523 0.01454257
-0.00571580 0.00286682
-0.01457219 -0.00857588
0.00000000 0.00000000
-0.00895401 0.00288336
0.02984257 0.02888134
-0.00279144 0.00279436
-0.01746201 -0.01114630
0.02659069 0.03099782
0.00000000 -0.00546652
0.00581472 0.00549656
0.00000000 0.01652379
0.00000000 0.00537766
-0.01721193 -0.02686604
0.00548128 0.00811993
0.01183353 0.00545229
0.01156373 0.01934927
-0.02000520 0.00000000
0.01458112 0.00265990
0.00875359 -0.00265284
0.00854812 -0.00544070
-0.00847566 0.02176027
-0.00582826 -0.01594289
-0.00573215 0.00000000
0.00000000 -0.02430178
-0.01742663 -0.02218092
0.00000000 -0.03408947
-0.00586745 0.00892154
0.00590208 0.00000000
0.01773570 0.02613784
0.00288260 0.01976936
0.01450222 0.01118429
0.00000000 -0.00823399
-0.01712814 -0.01672863
-0.01742663 -0.00554505
-0.00293372 -0.00849069
-0.01778788 -0.01712679
-0.02396514 -0.00299090
0.00000000 -0.00286944
0.00306920 -0.00300850
-0.00625869 -0.00577276
0.00937719 0.02942729
-0.02149196 -0.02294578
-0.01261159 -0.00288638
-0.00631458 -0.01473684
-0.00635471 -0.01482372
0.01279070 0.03022909
0.00330080 0.00000000
0.01258761 -0.00289474
-0.02811132 -0.01768277
-0.02572674 -0.00900054
0.00984634 0.00000000
-0.00325011 -0.01830012
0.00652142 -0.00303783
-0.02606391 -0.00304709
0.00000000 -0.00319533
0.02010886 0.00000000
0.00652142 0.00627178
-0.01619791 -0.01855956
0.01990720 0.00310471
0.00000000 0.00323579
-0.02274729 -0.01570607
-0.02988437 -0.03818208
0.00681115 0.00000000
-0.01030135 -0.00992446
0.03448812 0.03336326
0.02327677 0.03243087
-0.00983270 -0.00631048
-0.02623388 -0.01580581
-0.01004566 0.00000000
-0.01030135 -0.02882134
-0.02050645 -0.02642847
-0.04916733 -0.04397938
0.00366972 0.00000000
-0.04404188 -0.04616117
0.04607093 0.03725262
0.00731261 0.01779702
0.00000000 -0.01055451
0.01831381 0.02499602
-0.03224239 -0.03479341
-0.02963335 -0.01432250
-0.00759144 -0.01093878
0.03459666 0.01848795
-0.00369686 0.01799028
0.01855288 0.02133418
0.01473754 0.01745908
0.00000000 0.01378888
-0.00718016 0.01012543
-0.03287311 -0.03680431
-0.00373895 -0.00357254
0.01893552 0.00358535
-0.00736648 -0.01397950
-0.02614269 -0.02804033
-0.04606858 -0.05445705
-0.00399419 0.00000000
0.01221291 0.00000000
-0.13146047 -0.10730202
0.03193033 0.02150538
-0.00442033 -0.00845865
-0.04460141 -0.05080569
0.00464723 -0.01777512
0.03259041 0.03639691
-0.04052128 -0.03963116
-0.04690153 -0.04555669
0.07392563 0.03831336
0.00456148 0.02762317
0.04561404 0.04473420
0.00868535 0.05587558
0.03522505 0.01218403
0.03780718 0.01598994
-0.04061931 -0.03147657
0.04670591 0.04308928
-0.01215309 -0.01172764
0.02864488 0.04782147
-0.02392003 -0.00760649
-0.00402341 -0.00766479
0.00403966 0.01150017
0.06528895 0.03444765
-0.03828326 -0.03690945
-0.02784720 -0.01924715
0.01634227 0.00781521
0.04028907 0.04273652
0.00781521 0.00000000
0.00379114 0.00000000
-0.03055794 0.00000000
-0.00407296 -0.00743679
0.00000000 -0.01132201
0.01191323 0.00757831
-0.00386575 -0.00752131
0.02751808 0.03031324
-0.00377682 -0.00359595
-0.01930036 -0.01115486
0.03936039 0.01874585
0.01132713 0.02931119
0.00367770 0.01771872
0.04080613 0.04197109
0.04288686 0.04028047
0.02393740 0.01606195
0.01004046 -0.01270289
-0.01646884 -0.00643317
-0.02353296 -0.01611511
-0.00695195 0.00979819
0.00342253 0.01955105
0.01379845 0.01605114
-0.01009329 -0.01887320
-0.03105206 -0.04816187
-0.00366709 -0.02020958
0.02512402 0.03789152
-0.01045895 0.00000000
0.03155072 0.03636096
0.04450222 0.03835227
0.00322108 0.01846785
0.00000000 -0.00604433
-0.00321074 0.01216216
-0.01317716 -0.02096128
0.02329377 0.01840993
-0.03247789 -0.02410284
-0.01333733 -0.00617453
0.01017619 0.00303742
0.01338145 0.00619408
0.00994065 0.02161423
0.00000000 0.00294590
-0.03276039 -0.04499332
0.00000000 0.00000000
0.01017619 0.00000000
0.01683957 0.01565777
-0.00340086 0.00316586
-0.01320475 -0.00933041
0.03352879 0.01565097
0.02283969 0.04295650
-0.00952923 -0.01477511
-0.00646180 -0.00291971
-0.01618731 -0.02395847
-0.02291759 -0.02154643
-0.00676590 0.00627178
-0.01680291 -0.02174515
-0.00692841 -0.00962764
0.02077519 -0.00314510
-0.00683475 -0.01290693
0.01712800 0.01627197
-0.02345512 -0.02573267
0.00000000 -0.00322817
-0.00338722 -0.00662447
-0.01035069 0.00000000
0.00000000 -0.00340842
0.04167968 0.04014870
-0.02667466 -0.02887777
-0.02401848 -0.01987340
0.00347058 -0.00345449
-0.02106587 -0.01009797
0.00000000 -0.01035323
-0.03581179 -0.02415385
0.00000000 -0.01056283
0.01482345 0.02501593
0.00000000 0.01399036
0.01838175 0.01379733
-0.02530218 -0.02389233
0.00380291 0.00356313
-0.00378850 0.00339611
-0.01091270 -0.02076923
-0.02624540 -0.03173606
-0.01905579 -0.02547461
0.01172559 0.00749251
-0.01937381 -0.03354817
0.00388076 0.00000000
0.03936039 0.02308482
0.03009298 0.03760655
-0.00361070 -0.00354381
0.02207215 0.03265438
-0.00370669 0.00344396
0.01083792 0.02464899
-0.00352056 -0.01720463
-0.01075960 -0.01037955
0.00357143 0.01048842
-0.00711744 -0.01037955
0.00358423 -0.00360050
-0.00357143 0.00361351
-0.01091561 -0.01408892
-0.01103607 -0.01429025
0.01115923 -0.01079253
-0.00378850 0.00000000
-0.00727513 0.00358248
0.01848768 0.01833523
0.00376124 0.00000000
-0.01824699 -0.02151052
-0.00730169 0.00000000
0.00735540 0.01091028
-0.02223697 -0.02174613
0.00000000 0.00740985
-0.01510523 -0.01095129
0.00775461 0.01107255
-0.01145691 0.00375940
0.00380557 0.00358248
0.00000000 -0.00356969
0.04221954 0.05487706
0.01488095 0.01728929
0.00000000 0.01031867
-0.02183122 -0.01021328
0.01848768 0.01365706
0.01471791 0.00000000
-0.01450443 -0.01347305
-0.01095666 -0.00682853
-0.00363757 0.00000000
0.01111849 0.02062643
0.03659938 0.02694611
-0.01409120 -0.00320700
0.00722659 0.00321732
0.01419005 0.00335277
-0.01053294 -0.01641726
-0.00714967 -0.01329394
-0.00352056 0.00344311
0.00722659 0.00999552
-0.00765306 -0.00029542
0.02185090 0.02703901
0.00361635 -0.00330888
0.00704998 0.01645497
-0.01773491 -0.01618858
0.00728540 0.00000000
-0.02138365 -0.01991917
-0.01108612 -0.01001473
0.00000000 0.00000000
-0.00357433 -0.00684320
-0.01483776 -0.01707609
-0.01506124 -0.01051509
-0.00386490 0.01771138
0.00000000 -0.01740315
-0.00371120 0.00354228
0.01151372 0.01749540
-0.00385002 -0.00678733
-0.00756175 0.01032650
0.00372503 0.00000000
-0.01535088 -0.01022095
-0.00376906 -0.01397115
0.00378332 -0.00693054
-0.00770944 -0.01426799
-0.01174033 -0.00723726
-0.00803634 -0.01077655
-0.02800282 -0.02931753
-0.00398623 0.01881499
-0.01237038 -0.01474162
-0.00847302 -0.00378165
-0.01690507 -0.00759201
-0.02569917 -0.03043406
0.03083786 0.01972556
-0.00432738 0.00000000
-0.01719577 -0.00773759
0.01749664 0.02322428
0.03439153 0.01507621
0.02082572 0.00375388
-0.00823193 -0.01105691
0.00000000 0.00000000
0.00000000 0.00378165
-0.02869000 -0.02260442
0.01263236 0.01156360
0.00843882 0.00762094
-0.02892487 -0.03008879
-0.01273885 -0.02322428
0.01707780 0.01978480
-0.01268657 -0.01565691
-0.03420257 -0.03146611
0.03991391 0.03659407
-0.02991533 -0.04322370
-0.03956556 -0.02465803
-0.00928918 -0.02122163
0.03709743 0.04317496
0.00884434 0.02891741
0.00896162 -0.00808010
-0.01312995 -0.01611475
-0.02680493 -0.02879770
-0.01829514 -0.02131208
-0.03256195 -0.03029729
0.03365792 0.04471783
-0.01392587 -0.02130841
-0.02346833 -0.03055768
-0.01446193 -0.01359338
0.02438498 0.02276813
-0.01432484 -0.02226128
0.02436418 0.03195526
0.00459003 -0.00445133
-0.00934579 -0.00447123
0.04758910 0.02694786
0.01360817 0.01293022
-0.00454097 0.00000000
-0.00892503 0.00000000
-0.01821093 -0.02140041
-0.01386058 -0.01764819
-0.00930136 -0.00429604
0.00000000 0.00000000
-0.01898602 -0.01353207
-0.00489154 0.00457256
0.00491558 0.01800910
-0.00978307 -0.01769051
0.00000000 0.00455175
-0.00472509 -0.00453113
0.01942167 0.01345735
0.00486876 -0.00429604
0.00969033 0.00000000
-0.02378469 -0.02706413
-0.05236162 -0.02761540
0.02954443 0.01907131
-0.02475356 -0.02339300
-0.01437556 -0.00937305
-0.02689152 -0.02417998
-0.01053864 -0.01659125
-0.00662722 -0.01205083
0.00238265 0.00199601
0.01925363 0.04249668
0.01072761 0.00000000
-0.04430088 -0.04267516
-0.01545147 -0.01020182
-0.03604708 -0.04100381
-0.00254388 0.00000000
-0.01402703 -0.01074766
0.00957062 0.00614077
0.00947989 0.01525822
-0.03502538 -0.03213873
0.01209890 0.01552795
0.07146570 0.07151259
0.01115693 0.00000000
0.03526025 0.02744237
0.01923077 0.02457265
-0.01250284 -0.01438999
0.00621547 0.00973339
0.03157172 0.02891869
0.01419384 0.00936864
0.01421386 0.00000000
0.02479517 0.02804681
-0.04355144 -0.03631011
-0.01825781 -0.02342159
-0.01232355 -0.00479666
0.00635209 0.00000000
0.04553652 0.05322716
-0.00991807 -0.01850378
0.01001742 -0.00466248
0.01487710 0.01405295
-0.01465902 -0.00461940
-0.02781371 -0.02320420
0.00421379 -0.01425325
-0.00220848 0.01445935
0.02146968 0.02850651
0.03466956 0.02791725
-0.01905759 -0.00449394
0.01473100 0.00451423
0.00946770 0.00449394
0.00958733 0.00447384
0.01424443 0.01336174
0.00936291 0.00439518
-0.01391410 -0.00875190
-0.00470348 -0.01765835
0.02835422 0.04044549
0.00459540 -0.00863850
0.00914877 0.00435689
-0.04532913 -0.02602791
-0.01424443 0.00000000
-0.00942408 -0.00445391
-0.00486258 -0.01789535
0.00000000 -0.00930877
0.00488634 -0.00919632
0.00000000 -0.00464084
-0.00486258 -0.01398743
0.00000000 0.00472862
0.00977268 0.00941273
-0.03387334 -0.03263734
0.00000000 0.00963956
0.01502613 0.00000000
-0.00493456 0.00000000
-0.00495903 -0.00477377
-0.01495125 -0.02877998
-0.02639683 -0.01395748
0.01265251 0.01916376
0.00200803 -0.00491453
0.03785349 0.03951041
0.00493456 0.00475108
-0.00982067 -0.00472862
0.00495903 0.00475108
0.00000000 0.00000000
0.00986913 0.00472862
0.01933291 0.00941273
-0.00479366 0.00000000
0.01445026 0.00932495
-0.01878613 -0.02771641
-0.02419525 -0.02375542
-0.01401466 -0.01460009
0.00918434 0.00493880
0.00000000 0.01474359
0.00498375 0.00968625
-0.01185856 -0.00959333
-0.02203797 -0.01937250
0.01026328 0.00987760
-0.00817138 -0.00978099
0.00200401 0.00987760
-0.00822222 -0.01467149
-0.02666368 -0.01899007
-0.00644567 -0.01011879
0.00000000 -0.01844444
0.01923077 0.01879104
0.00204592 0.00000000
0.02722323 0.02977778
-0.03047703 -0.02503237
0.00410023 -0.00398406
0.03334846 0.03488889
0.00812294 0.00987760
-0.00195993 0.01467149
-0.02618372 -0.01445935
-0.01434013 -0.01956198
-0.01250284 -0.00607244
-0.01703499 -0.02618372
-0.00421546 0.00000000
0.01081844 0.01456419
0.00000000 -0.00220848
0.01489065 0.01637893
-0.02315452 -0.02003484
-0.00633654 -0.00622222
-0.01747756 -0.02057245
-0.01538462 -0.01689498
-0.03808594 -0.03646075
-0.00482234 -0.01759460
0.00255037 0.00441609
-0.01170186 -0.01563263
0.03526384 0.02282878
-0.02038787 -0.02013586
0.02335025 0.02500619
0.05456349 0.06014493
0.01081844 0.00637959
-0.00860866 -0.01675345
-0.02792772 -0.02118351
-0.00893288 -0.00446954
0.00438490 -0.00425331
-0.02207131 -0.02183199
0.00000000 0.00000000
-0.03422619 -0.03590490
0.01643554 0.00704580
0.01389591 0.00699650
-0.02043359 -0.02059553
0.03027220 0.03040284
0.02493827 0.02262110
-0.02433149 -0.01562876
-0.02938272 -0.04054714
0.00228949 -0.00941955
0.00456853 -0.00231303
-0.02097019 -0.02369912
0.02864516 0.01952507
-0.00702459 0.00232919
-0.01162203 -0.01678286
0.00230061 0.00262605
-0.01402703 -0.01702462
-0.00698396 -0.00479616
-0.00234436 0.01472557
0.00939948 0.00976253
0.04035179 0.04337601
-0.00895077 -0.00475833
0.01831410 0.01157524
0.01823109 0.01616915
-0.00677474 -0.00685435
0.00219245 -0.00912004
0.02455032 0.01840796
0.03274021 0.03150953
0.01998622 0.00734075
-0.02342342 0.00658204
0.00438192 0.00887436
-0.00872560 -0.00671296
-0.00648599 -0.01095316
-0.00652833 -0.01107446
0.00211218 0.00452704
0.01100703 0.02229602
0.03289321 0.02877030
0.02309935 0.03631033
-0.01863218 -0.01871600
0.00223364 0.00842759
-0.00423446 0.00000000
0.00201432 -0.01033649
0.01898593 0.02111111
0.00416484 0.01022851
-0.00611220 -0.00193882
0.01032286 0.01618822
-0.00195652 -0.00403568
-0.00217817 0.00213265
0.00000000 -0.00212811
0.00000000 0.01023672
0.00000000 0.00000000
0.00218293 0.00485539
0.00609889 0.00504202
-0.00822689 -0.01191472
0.00218293 -0.00401946
0.00000000 -0.01210705
-0.00827706 -0.02429585
-0.02481880 -0.01476421
0.00202703 -0.00402595
0.00000000 0.01684258
0.00427062 -0.00419611
0.00201432 -0.01663340
0.00223364 -0.00225530
0.00624025 0.00000000
0.00000000 0.00429476
0.01882614 0.01913122
0.01630435 0.02098057
0.00406417 0.01016656
0.00213038 -0.00192719
-0.02019558 -0.00600729
0.03276199 0.02741204
0.01995798 0.00000000
0.01936148 0.01491597
-0.01434633 -0.01945767
0.00492005 0.02491028
-0.01448388 -0.00494336
-0.01945767 -0.01469675
-0.00506650 -0.01092437
0.00000000 0.00615973
0.00509230 0.00000000
0.01984378 0.01984378
0.00496792 0.00000000
-0.00988671 -0.00972883
0.00000000 0.01484114
0.01477013 0.01956746
-0.00963510 0.00000000
0.00000000 -0.01434343
-0.02835852 -0.03299857
-0.01001278 -0.00402713
0.00215193 0.00404341
0.01717844 0.00890208
0.00992189 0.01995798
0.00982441 0.01462410
0.00000000 0.01928542
0.04388325 0.01414061
0.00000000 0.00923017
0.01407892 0.00934034
0.01368792 0.03200309
0.02276235 0.03979077
0.01791777 0.02551204
-0.00444692 -0.00840925
-0.00874744 0.00000000
0.00882463 -0.00406360
0.00874744 0.01667554
0.00442804 0.01657651
0.00422483 0.01218675
0.02158405 0.02017975
0.00841540 0.00000000
-0.00834517 -0.00797872
-0.00429722 0.00000000
-0.01690344 -0.00787534
-0.03018109 -0.04796487
0.00886458 0.00833777
0.00897364 0.02920479
0.00870854 0.00410256
0.01726672 0.01600272
-0.02546046 -0.01189678
-0.01760237 -0.04018993
-0.00886458 -0.01254417
0.01788773 0.02129182
0.03084689 0.06639804
-0.00417120 -0.04682109
-0.00855946 0.00827301
-0.01745040 -0.01213675
0.00448682 0.00397993
0.02214778 0.06135815
0.01729789 0.00373498
0.00859137 0.01925255
-0.00425909 -0.01698413
0.00427731 -0.02696593
0.00834073 0.02373050
0.03361492 0.01556168
0.00800272 0.00367119
-0.01604730 -0.01892494
0.01218884 0.01556168
-0.01204206 0.00367119
-0.00412017 -0.01892494
0.00413722 0.01929000
0.00824034 0.00000000
-0.00408650 -0.02639949
-0.03248419 -0.01943809
-0.01272310 -0.00799600
-0.00841239 0.00000000
0.02563177 0.02804366
0.00000000 0.01159752
-0.00827174 -0.00775069
0.01259982 0.00390561
0.02506134 0.00000000
-0.00820653 -0.00389042
0.00000000 -0.00764849
-0.02861576 -0.02738603
0.00425909 0.00404654
0.00000000 -0.01209068
-0.01272310 -0.01206867
-0.00429569 -0.01634549
0.01294266 0.02903621
-0.00425909 0.00407955
-0.03386206 -0.02810225
-0.02195167 -0.02090228
-0.01339117 -0.02526241
0.00439686 0.00857821
0.00000000 0.00434311
-0.00437762 0.00000000
0.00898490 0.00864865
0.00000000 0.00839586
0.00000000 0.00850310
0.02254642 0.02511857
0.01315546 0.02039068
-0.00420629 -0.00806045
0.00000000 -0.00795666
-0.03067034 -0.01638225
0.00909435 0.00000000
-0.04018025 -0.02064539
0.00469484 0.01700620
0.00000000 -0.00836091
0.06016355 0.04602143
0.00000000 0.00403023
-0.00440771 -0.01204215
-0.01752444 -0.02420857
-0.01783703 -0.00815406
-0.01816096 0.00000000
0.01382399 0.01241910
0.00460918 0.00829302
0.00898490 -0.00411241
0.01345207 -0.00412939
0.00448682 0.00414651
0.00446678 0.00412939
0.00444692 0.00411241
0.02195167 0.02030717
0.03862816 0.05168088
0.00399722 0.00763359
0.00415441 -0.00378788
-0.01223927 -0.02645754
0.02495637 0.03889341
0.02009195 0.03352130
0.00400601 0.01803577
0.02776392 0.03200834
-0.01536720 -0.01038661
0.00000000 -0.00349854
0.01560703 0.01740784
0.02685215 0.03436377
0.02614997 0.02641090
-0.00353086 0.00650054
-0.01109228 -0.01924112
-0.04439944 -0.03923721
-0.00391262 -0.01699272
0.00785597 0.00000000
-0.03475154 -0.03108658
0.00790713 0.02488756
0.00000000 -0.00351083
0.00801202 0.00000000
0.01573108 0.02451556
0.01548745 0.02049004
-0.01139830 -0.00336984
-0.00389737 0.00000000
-0.00391262 -0.00662158
0.00392799 0.00000000
0.00782524 0.00326195
0.00372048 -0.00325134
0.01917808 0.01347327
-0.00363694 0.00993563
-0.00761784 -0.00651240
-0.01519271 -0.01994421
0.00000000 -0.00683080
-0.01542709 -0.01017338
0.00775194 -0.00694847
0.01947627 0.03119534
0.00000000 0.00000000
-0.01910419 -0.00664405
-0.01554828 -0.02035008
0.00399002 -0.00348635
-0.01970525 0.00000000
-0.00793919 0.00000000
-0.01634599 -0.01034985
-0.01644452 -0.01414052
-0.01671947 -0.02838787
-0.00841239 -0.01460864
0.00000000 -0.01123596
0.00415162 0.01136364
-0.00413446 0.00358926
-0.01299639 -0.01104027
0.00000000 -0.00377358
-0.03474762 -0.03756313
0.00000000 0.01164316
0.00909435 0.01556168
-0.01351859 -0.02282522
0.01370385 -0.00784058
-0.01783703 0.00395127
0.03173389 0.03115776
-0.01315546 -0.01129135
0.00431844 0.00772077
0.00448682 0.01899441
0.00893356 0.01864035
0.00442723 0.00000000
0.00000000 -0.00738121
0.00422406 0.00371805
-0.00859546 -0.03673406
-0.02637890 -0.02675853
0.00454718 -0.00395127
-0.00452659 0.00000000
0.00000000 0.00000000
-0.02254642 -0.02760331
-0.00911029 -0.01206867
0.01858373 0.02460427
-0.01824467 -0.02804366
0.00469484 0.00414651
-0.01401869 -0.00412939
-0.01402054 -0.01226676
0.00000000 0.00000000
0.00000000 -0.00419801
0.00941318 0.00843141
-0.01408730 -0.02490855
0.00965989 0.00000000
-0.00956747 -0.01286174
-0.02877843 -0.03438292
0.00145048 0.00543478
0.01820815 0.01360671
-0.00487706 -0.02243472
-0.01490709 -0.00921746
-0.03047264 -0.06018606
0.00833868 0.01979798
0.02078032 0.05309033
-0.01017865 0.00470278
0.04302204 0.02733571
0.02937626 0.01330417
0.00469117 0.00431655
0.00486381 0.02632522
-0.00484027 0.00000000
-0.01420234 -0.00436224
-0.00473653 -0.00841220
0.00000000 0.00000000
-0.02419195 -0.02156239
0.00995733 0.00433526
0.03420523 0.04388489
-0.00466926 -0.00430737
0.00469117 0.00000000
0.00953307 0.00847898
0.00462517 0.00428964
-0.03261078 -0.03758756
0.00000000 -0.00426061
0.00951814 0.00000000
-0.00471420 -0.01301480
-0.03355042 -0.03522399
0.00490096 0.00000000
-0.00487706 0.00000000
0.02981417 0.03651002
0.00475907 0.00000000
0.00473653 0.00867052
-0.00471420 -0.00859599
0.02407736 0.01318642
0.00000000 0.00000000
0.00462517 0.01301480
0.00000000 0.01284759
0.00479570 0.01702867
-0.01870943 -0.02921579
0.00000000 0.00422386
0.00953307 -0.00420610
-0.01406822 -0.00862372
-0.01426896 -0.02591869
-0.00495737 0.00893020
0.01952969 0.00867052
0.00469117 0.00877507
-0.00466926 -0.01295935
0.02384676 0.03938849
-0.00477281 0.00432601
0.00479570 0.00000000
0.00458190 -0.00430737
-0.00931205 -0.00415297
0.00000000 0.00000000
-0.01860733 -0.01685491
0.00000000 -0.00866030
0.00000000 0.00000000
0.01426896 0.00427884
0.01406822 0.00869874
0.01843406 0.02569518
0.02743049 0.02093343
0.00871776 0.00823529
0.00450126 -0.01216870
-0.01308478 -0.00826865
0.00871776 0.00408372
0.00000000 0.00830368
0.00000000 -0.00823529
-0.00432121 0.00830368
-0.00433996 0.00000000
0.01325826 0.00823529
0.01308478 0.00816803
0.02583156 0.02414021
0.01259055 0.03535680
0.00834611 0.01528146
0.00405405 0.00000000
0.00000000 0.00000000
0.00403769 0.01121180
0.00000000 0.00000000
0.01642091 0.00744228
0.00807781 0.00000000
-0.01193786 -0.01100558
0.01605429 0.02972561
-0.00798176 0.00725389
-0.00788177 -0.01793063
-0.01621980 -0.01825801
0.00824361 0.01112805
0.01218088 0.01100558
0.00395648 0.00357888
-0.01198686 -0.00713224
0.02027589 0.01451661
-0.00390943 -0.00354035
-0.00408831 -0.00725389
0.00410509 0.00357888
-0.00801308 0.00371471
0.00395648 -0.01080681
-0.02791461 -0.02918288
0.00016892 -0.00755357
0.00000000 -0.00761106
0.01232900 0.02285178
0.02052052 0.02249426
-0.00801046 0.00553726
-0.01219512 -0.00729275
-0.00400400 -0.00374813
-0.01239531 -0.01098570
0.00000000 0.00000000
0.00424016 0.00365186
-0.00827563 -0.01485749
-0.01685967 -0.01123423
0.01714880 0.00762646
-0.00851499 -0.01899907
0.00429406 0.01165171
-0.01676073 -0.01525292
0.00852322 -0.00774459
-0.02121421 -0.01561007
0.00440529 -0.00809061
-0.00438596 0.00815661
0.03030837 0.03171521
0.00838037 -0.00768507
-0.01255088 0.00000000
0.01700447 0.02702703
0.00405337 0.00754078
-0.00403701 -0.00366580
0.00827563 0.01119117
0.00000000 -0.00363857
-0.00820771 -0.00745587
0.00405337 0.01870305
-0.00403701 -0.00361174
0.02077352 0.01480139
0.02432164 0.01101354
-0.00791471 -0.01457383
0.01595572 0.00746938
0.01185897 0.00726572
-0.00776053 0.00000000
0.00782123 0.01074636
0.02724105 0.03932421
0.00755473 0.00686659
-0.01132364 -0.00347947
0.00386937 0.00000000
0.04548258 0.02402235
0.01076537 0.00000000
0.01079662 0.00668303
-0.00360855 0.00338707
-0.01419673 -0.01998380
0.00367377 0.01364012
0.02869693 0.00666032
-0.00697410 -0.02984067
-0.00343987 0.00334029
-0.01769021 -0.01012623
0.00717423 -0.00350336
0.01788051 0.02067220
0.00342759 0.00000000
-0.01394819 -0.00330670
-0.01068129 -0.00345590
0.01794573 0.01706201
-0.01404615 0.00340971
-0.00363425 0.00000000
0.02159323 0.02324317
-0.00357041 -0.00969713
0.00702308 0.00657277
0.01409052 0.00652985
-0.00350877 0.00000000
0.00690141 0.00966503
0.00349699 -0.00314713
0.00000000 -0.00644567
-0.02397547 -0.03574739
-0.00357041 -0.00343265
-0.02106923 -0.02025351
-0.00717423 0.00000000
-0.01091285 -0.01026579
0.01461160 0.00341006
0.01087436 0.01387709
0.00000000 -0.00684358
0.01075738 0.00689073
0.00345175 -0.00684358
0.01060628 0.00351568
-0.00694937 -0.00350336
-0.01413882 -0.01378147
-0.01419673 -0.02438329
0.01087436 0.02499269
0.00000000 -0.00342222
0.00000000 0.00343397
0.01075738 0.00000000
0.00345175 0.00000000
-0.01762935 -0.00698702
-0.00350160 -0.00703619
0.00000000 0.00000000
-0.00366032 0.00000000
0.01440118 0.01778742
0.00000000 0.00696221
0.01434159 0.02074220
-0.00699800 -0.00345590
0.00345175 0.00000000
-0.01060628 -0.00332917
0.01071998 0.02045929
0.00000000 0.00000000
-0.00343987 -0.00668303
-0.01423846 -0.01016065
0.00714911 0.00679706
0.00362161 0.00344448
0.00000000 0.00343265
-0.00360855 -0.01012589
-0.01419673 -0.02709428
0.00367377 -0.00355215
-0.01449488 -0.01040924
-0.02183925 -0.01066282
0.00000000 0.00713662
0.02232685 0.01070137
-0.01084534 -0.00701102
0.00360469 0.00345821
0.00000000 -0.00344630
-0.01466627 -0.01066282
0.00744228 0.01427323
0.00000000 0.01062608
0.00000000 -0.00355215
0.00376903 0.00000000
0.00000000 -0.01040924
-0.01847402 -0.01066282
0.00000000 -0.01063210
-0.01132364 -0.01810688
0.00386937 0.01109445
0.00370028 0.00355872
0.00752688 0.00723995
0.01509376 0.00718791
0.00735957 0.00364113
0.00357835 0.00348280
0.00371416 0.00708604
0.00000000 0.00703619
0.00000000 -0.00342222
0.00725281 0.01044499
0.00367377 0.00693854
-0.01083455 -0.00689073
-0.02175844 -0.01727556
0.00363141 0.00000000
-0.00361827 -0.00360231
0.01482826 0.00708604
0.00357835 0.01407237
0.01099391 0.00354007
0.00720059 0.01030055
0.00000000 0.00349162
0.00364751 0.00000000
-0.00712313 0.00000000
0.00351391 0.00000000
0.00714911 0.00334029
0.00362161 0.00346789
-0.00707275 0.00331767
0.00712313 0.00344448
-0.00404157 -0.00109845
-0.01086957 -0.01374570
0.00732601 0.00696864
-0.01090909 -0.00692042
-0.01102941 -0.01045296
0.00000000 -0.00704225
0.00000000 -0.00354610
-0.00371747 -0.00355872
0.00000000 0.00000000
0.00373134 0.00357143
-0.01115242 -0.01423488
0.00000000 0.00000000
0.00751880 0.01083033
0.00746269 0.02142857
0.00370370 -0.00349650
0.01476015 0.00701754
-0.00727273 -0.01045296
0.00732601 0.00352113
0.00363636 0.00350877
0.00362319 -0.00349650
0.00000000 0.01052632
0.00000000 -0.00347222
0.00361011 0.00348432
0.00359712 0.01388889
0.00358423 -0.00342466
-0.00357143 -0.00343643
-0.01075269 -0.00689655
0.00724638 0.01041667