-0.05484834 -0.05195301
-0.06119056 -0.03475370
0.06181367 0.03600501
-0.00917431 -0.00493603
-0.02154882 -0.02004454
-0.02546456 -0.01776860
0.00988701 0.00515355
0.00961538 0.00000000
-0.00640693 -0.00261588
0.00644824 -0.00514058
-0.03186147 -0.02868291
0.01645502 -0.01878189
-0.01302129 -0.01084311
0.00338741 0.02483222
-0.01634684 -0.02423052
0.02655347 0.00827740
0.02269928 0.01641890
-0.02546456 0.02150186
-0.01624294 -0.02639171
0.00340991 -0.00263389
-0.00339832 -0.00550176
-0.00646088 -0.00265545
-0.03992052 -0.02473929
-0.01730950 0.01967922
-0.01053035 -0.01104418
0.01412539 0.00564016
-0.00343446 -0.03051038
0.00344630 0.00289251
0.06678115 0.05410706
-0.05258451 0.00547226
-0.00358694 -0.01883096
-0.00701023 -0.01919237
-0.01049418 -0.00837009
0.01774007 -0.00570321
0.01042061 0.02271424
-0.01031315 -0.00830062
-0.01383100 -0.00565547
-0.00710855 0.00284382
0.00000000 0.00000000
-0.02147833 -0.01395191
0.00731659 -0.00851260
0.00000000 -0.00870171
0.00000000 -0.01147004
0.02885748 0.02628463
-0.02442282 0.00288417
0.02503423 -0.00287588
-0.01087579 -0.02849562
-0.02565586 -0.00581879
-0.01504653 0.00585284
0.01909548 0.00878755
0.03747535 0.04649794
-0.02889734 -0.01664792
-0.00371966 -0.01132464
0.01120063 0.02001620
-0.00369219 0.00555808
0.01111761 0.02515510
0.02218364 0.02717870
-0.00735988 -0.01585431
-0.02528517 -0.01349733
0.00370587 -0.00540660
0.00738438 -0.00277346
-0.00366512 -0.03849149
-0.01103582 0.01434687
0.00743931 -0.01688149
-0.00369219 0.00000000
-0.00370587 -0.00870171
0.00000000 0.00877809
0.01859828 0.00278455
0.02575437 -0.00856184
0.00000000 0.00291749
-0.01068016 -0.01722132
0.01439394 0.01160313
0.01418969 0.01451311
-0.01049337 0.00000000
0.01060465 0.00000000
-0.00699558 0.00288417
0.00352243 -0.00851260
0.01404027 0.00000000
-0.01038441 -0.00870171
-0.01049337 -0.00280899
0.00353488 -0.00293427
-0.02113459 -0.00294291
-0.02897727 -0.01747344
-0.01482348 -0.00300409
0.06414571 0.01494516
-0.01060465 0.00000000
0.00714554 0.00296877
-0.02501867 -0.00876154
-0.02910762 -0.01779742
0.00749507 0.00899915
-0.02231793 -0.00891889
0.02663196 0.00608051
-0.01482348 -0.01196664
0.00752326 0.00305848
-0.00373354 0.00292719
0.00749507 0.01203940
-0.02231793 0.02078827
0.01902283 0.00871101
-0.00746709 0.00291749
0.04909919 0.03153363
0.03227024 0.02515510
0.01042048 -0.00814261
0.00687534 0.00266253
-0.00341420 0.00000000
-0.03425893 0.00000000
0.04256908 0.01648595
0.00698424 0.00533362
0.01689490 0.00000000
-0.00332284 -0.02143785
-0.00666784 -0.00542155
-0.00335630 -0.00823228
-0.03385324 -0.01940550
0.01045680 -0.02264928
0.02777778 0.00585206
0.00671259 0.00290901
-0.00666784 0.00278455
-0.00335630 -0.00277681
-0.00336760 0.02285648
-0.00337898 -0.00555808
-0.00695931 0.00558914
0.00700809 0.00839383
0.02034261 -0.00832396
0.01329136 0.00283575
0.02968588 0.01119783
0.01910828 0.03590604
0.00000000 0.03196199
-0.00625000 0.00774302
0.00943396 -0.00768352
0.01557632 0.01810192
-0.02147239 -0.02034944
0.00000000 0.00000000
0.01880878 0.02077214
0.00615385 0.01521069
-0.00611621 0.01002227
0.00615385 0.00992282
0.05214872 0.02937674
-0.02325226 0.00000000
-0.02083007 -0.01426919
-0.02447217 -0.00489045
-0.00934579 -0.00481620
0.02830189 0.02439506
-0.00611621 -0.00954493
0.03400810 0.01927383
0.00595145 0.01881387
-0.02366495 -0.01387327
-0.01530856 0.00465779
0.02477733 0.00473082
0.01201011 0.01393728
0.00890069 -0.01838952
0.01176289 0.02810105
0.00305951 0.00450948
-0.00884551 -0.01804856
0.00584705 0.00000000
0.01208505 0.01380855
0.02645103 0.03175041
-0.01148579 -0.00874141
0.00297929 0.02222622
-0.01455518 -0.01742958
0.00000000 -0.03977782
0.01477016 0.01838030
-0.02613991 0.00000000
-0.00305018 0.00458085
0.02692367 0.01796626
0.00000000 0.02651855
-0.00580962 -0.02155699
0.01468385 0.01329052
0.00856468 -0.00440141
0.00292826 -0.01308577
-0.00861314 0.00438989
-0.03165955 -0.02194274
-0.02068127 -0.00455996
-0.00916149 0.00458085
-0.02444758 -0.04961240
0.03132530 0.00000000
0.00000000 0.00479800
-0.00903427 -0.00477509
-0.00314367 -0.02840418
0.01229896 0.05362963
-0.02118380 0.00928009
0.01241248 0.00455094
0.00613015 -0.00906065
0.01218560 0.00914350
0.04213613 0.02283654
0.00296209 -0.00885836
0.00280567 0.00446876
-0.00574290 -0.01343744
-0.02888033 -0.00911099
-0.01189568 -0.04132999
0.03611669 0.00000000
-0.00580962 -0.01908545
0.02337429 0.05856790
0.00571010 -0.01390185
-0.02271073 -0.02337023
0.02323849 0.02877349
0.02271073 0.02787456
-0.00270463 0.00000000
0.03611190 0.00458085
-0.00537264 -0.03155495
-0.02963989 -0.00470854
0.02497859 0.01409783
0.01643225 0.04599739
0.01602959 -0.00874141
-0.00795577 0.03554396
0.00801957 -0.00434480
0.00000000 0.00436376
-0.00525890 -0.00434480
-0.01857124 -0.00855298
-0.03508287 0.00000000
-0.01388491 -0.03477113
0.05370881 0.02243502
-0.03223585 -0.00874141
0.00284698 0.01331774
0.01107168 -0.00444010
0.01909308 0.00883061
-0.00537264 -0.00875332
-0.02963989 -0.02194274
0.02226663 -0.03155495
0.00000000 -0.00470854
0.02457414 0.01873403
0.00531480 0.00919476
-0.02385794 -0.02273146
-0.01624774 -0.02796874
0.02470356 0.01918233
-0.00537264 0.00941065
0.00000000 0.01855165
0.02714681 0.03651997
-0.00795577 0.00445991
0.01590322 0.00435130
0.03398448 0.00875332
-0.00504658 0.00429485
0.01014436 0.01300402
0.00000000 -0.00430775
-0.00759624 -0.04698451
0.01777374 -0.01343744
0.01491396 0.03635192
0.00000000 -0.00879140
-0.00489827 -0.01764917
0.01476713 0.00893753
0.00000000 -0.00442918
0.00970149 0.01343744
0.00960828 0.02651855
-0.01903368 -0.02155699
-0.01455224 -0.01320132
0.04430140 0.04022417
0.00942712 0.01711853
-0.03268678 -0.00837249
0.01930932 0.01275093
0.00473588 -0.02526584
-0.01885424 -0.00855298
-0.01441242 0.00000000
-0.00487439 -0.01742958
-0.01469480 0.00886938
0.02485660 -0.00444010
-0.01455224 0.01766123
0.02461189 0.00429485
0.02402070 0.00864025
-0.01876579 0.01713247
-0.01434351 0.02101234
-0.00970149 -0.00416597
0.00489827 0.00418340
0.00000000 -0.01233128
0.00000000 -0.00421799
-0.01949756 -0.00415114
0.01491396 0.01259039
0.00979653 0.00000000
-0.00970149 0.00000000
-0.00979653 -0.00411661
-0.00989346 -0.00835161
0.01498847 0.00842195
0.00492238 0.00413363
-0.01469480 0.00000000
0.00000000 -0.00831723
-0.00497132 -0.00838699
0.01498847 0.00427168
0.00000000 -0.01259039
0.00492238 -0.01705867
0.00000000 0.01297222
-0.00489827 -0.00423985
-0.06651521 -0.07725061
-0.02109248 -0.02326019
-0.01353591 -0.00954493
0.02744329 -0.00476978
0.01853366 -0.00968310
-0.01043618 0.00000000
-0.00256896 0.00000000
-0.01599566 0.01461728
0.01088304 0.00963691
-0.01866994 -0.02381412
-0.00847105 -0.03417284
0.00000000 -0.04039268
0.00854342 0.00522165
0.02513540 -0.02872893
-0.02180981 0.00000000
-0.00553940 0.00534818
-0.03927030 -0.02681576
0.03203363 -0.01372155
0.02542135 0.01956792
-0.00547870 -0.00820945
0.00826332 0.01375839
-0.00819560 -0.01092354
0.00550888 0.01104418
-0.01095740 0.00816507
0.02506578 -0.00536281
-0.02175088 -0.02453785
0.00828615 0.01951495
0.00000000 0.00276610
0.00273935 -0.00275847
-0.00546373 0.02732906
0.00837797 0.01066236
0.00817216 -0.02365729
0.01634693 0.01342502
0.01860960 0.04792676
0.00000000 0.00760534
-0.00521989 -0.02264382
0.00524728 0.01283657
-0.01826961 -0.00504894
0.00000000 0.00000000
-0.01608401 0.01273819
-0.01364496 0.02024747
-0.00273935 -0.03959106
-0.01373438 -0.01554999
0.01949589 0.02883494
0.00286846 -0.01020093
-0.01648052 0.00520508
-0.00276970 -0.00258906
0.00833218 0.01536704
-0.02217325 -0.02270171
0.00000000 -0.00261588
0.01140845 0.00262274
0.00278513 0.02584493
-0.00847105 -0.02019584
0.00294118 0.02061212
0.01117162 0.00754794
0.00000000 -0.00496052
-0.00828615 0.00244175
-0.00849464 0.00000000
0.00280899 -0.00751040
-0.01120448 -0.00756724
-0.00849858 -0.00762494
-0.00285714 -0.01027931
-0.01160459 0.00000000
-0.00289897 0.00262274
0.01162960 0.01035890
-0.00574795 0.00248550
-0.00289059 0.01022727
0.01174083 -0.00255650
-0.01733524 -0.01004716
-0.00874763 -0.02309445
-0.01191352 -0.01568960
-0.02694254 -0.01055466
-0.00917852 0.00000000
0.00000000 -0.00272124
0.02794504 0.01342502
-0.02117753 -0.01863220
0.01227559 0.01360843
-0.01212672 -0.00270680
-0.00920669 -0.00803387
0.01238966 -0.00273613
-0.01851002 -0.01075505
0.00311721 0.00820945
0.01880050 0.01089349
0.03370444 -0.00544247
-0.00295072 -0.01619788
-0.02086416 -0.01646457
0.02130875 0.00271463
0.00295946 -0.03056966
0.00309826 0.00000000
0.00588322 0.00570165
0.00584881 0.00289251
-0.00290740 -0.00565298
-0.00874763 0.00000000
0.00000000 0.00568511
0.00882483 0.00000000
-0.00291588 -0.00288417
-0.01184384 0.00578503
0.00295946 -0.01714023
0.01785187 0.01451311
-0.00289897 -0.00288417
0.02340457 0.01712368
0.00000000 0.01410534
-0.00852273 0.00549635
-0.01446991 0.00000000
0.01468237 -0.00267738
0.00859599 0.00548098
-0.01150568 0.01101346
-0.00862193 -0.01903609
0.01753877 0.01660123
0.00569801 -0.00816507
0.00000000 0.01368339
0.00283286 0.01898595
0.00000000 -0.00258481
0.01709040 0.00259151
0.00277739 -0.01863220
0.01384850 0.01086479
0.00286846 -0.01335360
0.00108962 0.00539173
-0.00843537 -0.01346175
-0.00288145 0.01087198
-0.01128389 0.00000000
-0.00278358 0.00000000
0.01144452 0.01360843
-0.00855526 -0.02403638
0.00000000 -0.00554693
0.00862909 0.01929942
-0.01711053 -0.01346175
-0.03172820 -0.00554693
-0.00304480 -0.03580991
-0.00596277 0.00000000
-0.00292612 0.00000000
-0.03639032 -0.08573412
-0.02192782 -0.01240192
0.01603612 0.00948232
-0.02206558 -0.05965981
-0.01927296 0.01012419
0.03946317 0.02966725
-0.02213342 -0.04490591
-0.04856963 -0.08058160
0.03056336 0.04744310
-0.00336646 0.05234937
0.01656748 0.01327434
0.05870253 0.04565304
0.03078763 0.06251582
0.00289981 -0.00881372
0.00303600 -0.01478010
0.02075526 0.02402732
-0.00578933 -0.02346355
-0.01164607 0.03610196
-0.02371030 -0.00294291
-0.00912570 -0.01452184
0.00311943 0.01186055
0.02132386 0.01456311
-0.03885747 -0.02882483
-0.01236989 -0.01478010
-0.00320758 -0.01512380
0.00950046 0.04284830
-0.01244687 0.01757511
0.02843529 0.01447077
-0.02152145 -0.01138847
-0.01573240 -0.02013032
0.00000000 -0.00878755
0.00000000 0.01186055
0.00962135 0.01752309
0.02520750 0.01151967
-0.01844078 0.00276084
-0.00946999 0.00848916
0.01912105 0.01410534
-0.00317749 -0.01110488
0.00622344 0.00283575
0.01553779 0.01674019
0.00000000 0.01101346
-0.01530006 -0.00550176
0.01870569 0.01095375
0.00607138 0.00273613
0.00603474 0.00534818
-0.00907096 0.00803387
-0.00295290 0.00269251
-0.00607138 0.00526316
0.00000000 -0.01314243
0.00908820 0.00000000
0.03351543 -0.00270680
-0.00300000 0.01346217
-0.01475856 -0.01328334
0.02995928 0.00803387
0.00875459 0.01863220
-0.01441769 0.01564813
0.01164607 0.01030606
-0.00575600 -0.01020093
0.00578933 -0.01540704
0.00294820 0.00264327
-0.01735722 -0.02604661
0.00299145 -0.00530533
0.01164607 0.00805486
-0.01726801 0.00529101
0.02357143 0.00000000
0.00572226 -0.00794844
-0.03719123 -0.04276743
0.00302681 0.00837009
0.01480098 0.01660123
0.00863778 0.00000000
-0.00856381 -0.00540660
-0.00297366 -0.00554693
0.02045164 0.04685408
0.00570633 0.00000000
-0.00276778 -0.02632140
-0.01151818 -0.01083507
-0.00575600 -0.01637530
0.00578933 0.00000000
0.01165239 -0.01113611
-0.01151818 -0.01399158
0.00870420 0.00288417
0.00000000 -0.00287588
-0.00278358 0.00288417
-0.00586183 -0.00287588
0.00000000 -0.01142132
0.00294820 0.00583499
-0.00293953 -0.00290057
0.00000000 0.01722132
0.00000000 -0.00285976
0.00589639 0.00848916
-0.01730635 -0.01956547
-0.00880557 0.00278455
0.00300903 0.00289251
-0.00300000 -0.01142132
0.00000000 -0.00571829
-0.01475856 -0.01737089
0.02094241 0.01170569
0.02934473 0.03506494
0.01425408 0.00273754
-0.00559421 0.00000000
-0.01125137 -0.01114777
-0.00291424 -0.01138847
0.00570633 -0.00290901
-0.01992804 -0.01155327
-0.00578933 -0.00283353
0.00298253 0.01456311
0.01161144 0.00583499
-0.01441769 -0.00870171
0.00298253 -0.01147004
0.02322288 0.02628463
0.01148630 0.04556991
-0.00848269 -0.00816507
-0.00289775 0.00823228
0.01992804 0.01092354
-0.00556309 0.00534818
0.00000000 -0.00531973
0.00845954 -0.00807684
0.01677716 0.00814261
0.00266134 -0.00545732
0.00345056 0.01086479
-0.00568708 0.00542829
0.00571961 -0.03466148
-0.01692898 -0.01107383
0.00000000 0.00554236
0.00282524 -0.00832396
-0.01140327 -0.00555808
0.00583526 0.00844074
0.00000000 0.00554236
-0.02576902 -0.01113611
0.00000000 0.00000000
-0.00290818 -0.00557388
-0.01180556 -0.00560512
0.00000000 0.00276084
-0.01194659 -0.00275324
0.00597440 0.01127344
-0.00593891 -0.00841770
0.00000000 -0.00275324
0.00298720 0.00000000
0.03616508 0.02553779
0.00000000 0.00830062
0.00862305 0.00545111
-0.02293391 -0.00818765
0.02652778 0.01104418
0.00568259 -0.00540660
0.00000000 0.00820945
0.00282524 0.00000000
0.00295144 0.00000000
0.01136972 0.00814261
0.02803862 0.00807684
0.01093529 0.01331745
-0.00267244 0.00534245
0.01352558 -0.00265703
-0.01070125 0.01054987
-0.00267244 -0.00780344
-0.00548679 -0.01052184
0.00000000 0.02126745
0.00269438 0.00515355
0.00281510 0.00774302
0.00535919 0.00000000
0.00266531 -0.00259578
-0.02417722 -0.01280450
-0.00272409 0.00780344
-0.00546306 -0.01035890
-0.00562386 0.00264327
-0.00841773 -0.00527259
-0.00278552 0.01049507
-0.00558659 -0.01814939
-0.00294275 0.00267123
-0.01985511 -0.00266411
0.00862305 0.01324928
-0.00569955 -0.00780344
0.01160093 0.00255075
0.00566649 0.00000000
-0.00845184 -0.01303933
0.00000000 -0.01321160
-0.00581789 0.00805486
-0.00571584 -0.00269949
-0.00875992 -0.01071893
-0.00289975 -0.02429682
-0.01177122 -0.01110488
0.00896861 0.01122958
-0.00597222 -0.00830062
0.00293419 0.00271463
-0.01184174 -0.01669487
0.00000000 0.01135712
-0.00296067 -0.00555808
-0.01498869 -0.01973309
0.01521677 0.01431231
0.00000000 0.01697832
-0.00296946 -0.00834743
0.01801163 0.00284382
0.01184174 0.00555808
0.00289137 0.00282008
-0.00864909 0.00000000
0.00872455 0.01664792
-0.00288303 -0.01084311
-0.02037726 -0.02214765
0.00000000 0.00846488
0.00000000 -0.01678766
-0.00899508 -0.00853715
0.00000000 -0.00290901
0.01503333 0.02018905
-0.00293419 -0.00560512
-0.00602578 -0.01714023
0.01508530 0.01158708
-0.01777778 -0.03713988
-0.00296946 -0.00300409
-0.01205503 0.01193202
0.01220213 0.02060505
0.02708836 0.01155327
0.01463684 0.00853715
-0.01156777 -0.01132464
-0.02037726 -0.02279301
0.00295151 -0.00591996
0.00294283 -0.00285850
0.02962135 0.02950311
-0.00854933 0.00000000
0.00000000 0.01717137
0.00000000 -0.00570321
0.01450862 0.00573592
-0.00863465 -0.01129235
0.01442569 0.02561144
0.00295144 0.00281215
0.00561798 0.00000000
0.00279330 0.01660123
-0.00557103 -0.01357167
0.00853675 0.00268456
-0.02274831 -0.01929942
-0.00581946 0.00284382
-0.01184318 -0.00555808
0.00303072 -0.00285160
0.00000000 0.00000000
-0.00892735 -0.00846488
-0.00304878 -0.01430549
0.00597720 -0.00866105
-0.00290175 -0.00283353
-0.00304878 -0.00591996
-0.00597720 0.00297761
0.01202629 0.01757511
0.00303993 0.00583499
0.01198512 0.00568511
-0.01483801 -0.02849562
0.00303993 -0.00296877
0.02093952 0.02656027
-0.01754149 -0.02297250
-0.00302156 -0.00581879
0.00303072 -0.00298614
-0.00604313 0.00000000
0.00000000 -0.01773092
-0.01796324 -0.01805098
0.01224145 0.00919140
0.00000000 0.00295385
-0.01209341 -0.02724261
0.00000000 0.00618141
-0.00295483 -0.01542126
0.00296359 0.00623965
-0.00295483 -0.01872944
0.01213661 0.01908692
0.01812605 0.00000000
-0.00890167 -0.00303721
0.01506149 0.02195989
0.00884835 0.03676562
-0.00296856 0.01186055
0.00581946 0.00876154
-0.01453176 0.00000000
0.01474604 -0.00293427
-0.00874596 0.00871101
0.00882313 0.00863578
-0.01453176 -0.00566933
0.00300382 -0.00861066
0.00000000 0.00575117
-0.00299483 -0.01155327
0.00587111 0.00000000
-0.00882313 -0.00578512
-0.00588880 0.00581879
0.02383248 0.02042503
0.00874596 0.00289251
0.00293451 0.01419013
-0.01157069 -0.00273006
-0.00282562 -0.00570321
-0.00877075 -0.02259952
0.00884835 0.00281690
0.00000000 0.01158708
0.00580219 0.00289251
-0.00872015 -0.01142132
0.00297740 0.02882483
0.00580219 0.00839383
0.00295144 -0.00281215
0.00000000 0.00846024
0.00280899 0.00548098
0.00000000 -0.00545111
-0.00573563 -0.01107383
-0.00295144 -0.00837009
0.00296017 0.02817383
-0.01448887 0.00266253
0.01769671 0.00553220
-0.01163724 -0.01628521
0.00000000 0.00000000
0.00000000 -0.00838926
-0.00297740 -0.00270728
-0.00583684 -0.00837009
0.00300382 -0.00285160
0.00285870 0.00560512
-0.00882313 -0.00557388
0.00000000 -0.01692976
0.00602575 0.02013032
-0.00884835 -0.01129235
0.00590578 0.00000000
0.00000000 -0.00288417
-0.00300382 -0.00856184
-0.00287592 -0.00291749
-0.00302156 -0.00573502
-0.01198512 -0.01165391
0.00306748 0.00297761
0.00305810 0.00878755
0.01191796 0.01742201
0.00602575 0.01145436
-0.00598965 0.00285976
0.00890167 0.00000000
0.00000000 -0.00570321
0.00597258 0.00286796
0.00580219 0.00285976
-0.00576871 -0.00570321
0.00580219 0.00573592
-0.00576871 -0.01129235
-0.01173931 -0.00565298
-0.00300382 0.00000000
0.00000000 -0.00290057
-0.00287592 -0.00861066
0.00288422 -0.00586854
-0.00287592 -0.00873672
-0.00892735 -0.01762744
0.00000000 -0.00303104
-0.00304878 -0.01191779
0.00000000 -0.00307692
0.00305810 0.00913580
-0.00900776 -0.00599462
-0.00307649 -0.00307692
0.01823538 0.00000000
0.00303072 0.00913580
-0.01785469 -0.00599462
0.00293665 0.00603077
-0.00599554 -0.00305848
0.00308599 0.01214873
0.00908964 0.00594083
0.00595898 0.00301314
0.00303072 0.00300409
0.00288422 0.00299509
-0.00588880 -0.00895843
0.00000000 0.00301314
0.00000000 -0.00889209
-0.00303072 -0.00303104
0.00303993 0.00000000
0.01790880 0.00304025
0.00879686 0.01503395
-0.01448887 -0.00597229
0.00285870 -0.00588801
-0.00882313 -0.00894476
-0.00287592 -0.00304915
-0.00604313 0.00305848
0.00607987 -0.01207464
0.00288422 0.00308642
-0.00588880 -0.01218462
0.01487808 0.02155495
-0.03244197 -0.00609830
0.00000000 0.02122960
0.00911897 -0.00504686
0.00000000 0.00301932
-0.00305853 0.00000000
-0.00306791 -0.00903070
-0.00601483 -0.00595383
0.00000000 0.00000000
-0.01533915 -0.01210121
0.00614549 0.00000000
-0.01548296 -0.01534274
-0.00620401 0.00314149
0.00319396 0.01553301
-0.00636758 0.00296040
0.01267113 0.00922396
0.00949231 0.01511089
-0.00626870 -0.00300120
-0.01247312 -0.00903070
-0.00943670 -0.00291616
-0.00322439 0.00292469
-0.02881929 -0.00595383
0.00984103 0.00904535
0.00659670 0.00908540
-0.00655347 -0.00900360
0.00000000 -0.00302847
-0.00329835 0.00911300
-0.00330927 -0.01192053
-0.00648959 -0.01206434
0.00987392 -0.00308375
0.02948255 0.03674833
-0.01592636 0.00895095
0.00979955 0.00283889
0.00955742 0.00884643
0.00320419 0.00000000
-0.00638792 0.00865194
0.01914085 0.02584908
0.00931900 -0.00282486
-0.00298295 -0.00555241
0.00299188 0.00843209
-0.00298295 0.00564972
0.00000000 -0.00561798
0.00612623 0.00847458
-0.00920419 -0.01120448
0.00614549 0.00566572
0.00625000 -0.00281690
0.00917561 0.01401130
0.01230941 0.01103187
0.00000000 -0.00540064
0.00000000 0.01917110
0.00290175 0.00543656
-0.00289336 0.00000000
0.00594169 -0.00270358
-0.00302198 0.00000000
0.00000000 0.00802429
0.00000000 0.00537866
0.00606228 0.00791783
0.00000000 -0.01050955
0.00301287 -0.00525695
0.00300382 0.01596204
0.00884835 0.00000000
-0.00593712 0.00530786
0.00895887 0.01573390
-0.00591955 -0.00259902
0.00297740 -0.00260580
-0.00296856 -0.00512070
-0.01475166 -0.01827731
-0.00590659 -0.00267494
0.00000000 0.00268212
-0.00303993 -0.01059277
0.00000000 0.00000000
-0.00609841 -0.00540716
0.00613582 -0.01076438
-0.00304920 0.00824357
0.00000000 0.00261637
0.01821215 0.01348266
-0.00300382 0.00536423
0.00301287 -0.00266780
-0.00300382 -0.00791783
-0.00602575 0.00000000
0.00606228 0.01337360
0.00000000 0.00255428
0.00000000 0.00530786
-0.00602575 -0.00781415
0.00606228 0.00255428
0.00000000 -0.00254777
-0.00602575 -0.00266071
0.00303114 -0.00800341
0.00000000 0.00000000
0.00302198 0.00537866
0.00602575 0.01594265
0.00000000 0.00000000
-0.00598965 0.00000000
0.00301287 -0.00263296
0.00300382 0.01309398
-0.00898448 -0.01031895
0.01497253 0.01042654
-0.00581946 -0.01292475
0.00585353 0.00263992
-0.00297740 0.00263296
0.00597258 0.01039916
0.00877075 0.00259902
0.00882825 0.01793862
0.00570141 0.01517775
0.00580092 0.01495083
0.00000000 -0.00494315
0.00576747 -0.01967213
0.00560407 0.01003345
-0.00168481 0.00000000
0.01895365 -0.00501706
0.00000000 -0.00252118
-0.00293031 -0.00748155
0.00293892 0.00753794
0.00586062 0.01759175
0.00873971 -0.01480378
0.00288800 0.00504236
0.00851384 0.00993377
-0.00285537 -0.00496771
0.00286355 0.00499251
0.00000000 0.00496771
-0.00571074 -0.00494315
-0.00561868 -0.01480378
0.00288800 0.00504236
0.01139351 0.00491672
-0.00569448 0.00499251
0.00859064 0.00496771
0.00567831 0.00484429
0.01116976 0.00974026
0.01116776 -0.00477443
0.01092437 -0.00489524
0.03265645 0.01465958
-0.01057958 0.00959953
0.00000000 -0.00480215
-0.00255695 -0.00955414
0.01328362 0.00964630
0.02104416 0.00965065
0.00259038 0.01892564
0.00775107 0.00469043
-0.00256382 0.00924370
-0.01542244 0.00000000
-0.00510783 -0.00462577
0.00262407 0.00920160
0.00000000 -0.00451280
0.00512062 0.00000000
0.01811389 0.02294384
0.00767263 -0.00904404
0.00507614 0.00456329
0.00000000 0.00454256
-0.00252525 0.01338519
-0.00506329 0.00883534
-0.03540215 -0.03503185
0.00263792 0.00449212
0.01830245 0.00000000
0.01022242 0.02719723
0.00000000 0.00879609
0.00000000 0.00871939
-0.01267653 0.01300969
0.00518076 0.01706602
0.01792717 0.00423729
0.00759494 -0.00421941
-0.00502513 -0.02516949
0.00000000 0.00860645
-0.00757576 0.00430960
-0.00254453 -0.01278750
-0.00754215 0.00425976
0.02045150 0.02146814
-0.00251889 -0.00415254
-0.02009223 -0.00842481
0.01535014 0.00000000
-0.01511808 -0.00429111
-0.00515406 -0.00853301
0.00518076 -0.00860645
0.00515406 0.01297790
0.00000000 0.01722645
0.01014380 -0.00323377
0.00000000 0.00000000
0.00761421 0.00845215
0.01248494 0.00423298
0.00000000 0.00000000
0.00000000 -0.00834598
0.00995133 0.00000000
-0.00985327 -0.00425062
-0.00984316 -0.00845215
0.01496614 0.01704839
0.00495103 0.00000000
0.01467281 0.00000000
-0.00971079 0.00000000
-0.00969942 0.00846597
-0.01496072 -0.01670584
-0.00251311 -0.00426876
0.00000000 0.00857412
0.01774565 0.01266684
0.00000000 0.00831095
-0.00495103 -0.00416285
0.00000000 0.00418025
-0.00497566 0.00824244
0.02000217 0.00000000
0.00500906 0.00412882
0.00487805 0.01225329
-0.00485437 0.00398083
0.00975610 -0.00396504
0.00483092 0.01608579
-0.00961538 -0.00399776
0.00000000 0.00802762
0.00485437 -0.00398184
0.00483092 0.00000000
0.00000000 -0.01583114
-0.00961538 -0.01210496
-0.00485437 -0.00822368
0.00975610 0.00414594
0.00976686 0.01230388
0.00000000 0.01215434
0.02402496 -0.01200838
0.00000000 -0.00407864
-0.01878936 -0.01621754
-0.01438775 0.00407959
0.01942869 0.00000000
-0.01905841 -0.01641791
0.00483092 0.00000000
0.00491221 0.00421514
0.00956838 -0.00419745
0.01905841 0.02090710
0.00465022 0.01643270
0.00462870 0.00000000
0.00000000 0.00804290
0.00931490 0.00394907
0.00456485 0.00000000
-0.00454411 0.00802762
0.00000000 -0.00398184
0.00000000 0.01982890
0.00456485 -0.01168169
-0.00454411 0.00000000
0.00456485 -0.00388704
0.00908822 0.00788405
-0.01350955 -0.00782238
0.00000000 0.00000000
0.01369455 0.01186589
-0.01350955 -0.00393515
-0.03215243 -0.01572377
-0.02840152 -0.02384202
0.00485437 0.00000000
-0.00966184 -0.00411184
0.00487805 0.00817506
-0.01952301 -0.00810877
0.01496072 -0.00817506
-0.00986214 -0.00824244
0.00996037 -0.00839490
-0.00954401 0.00423298
-0.00246253 0.00000000
0.00246861 -0.00219187
-0.00503212 -0.00422440
0.00258259 0.00000000
-0.00762048 -0.01688444
0.00259572 0.00000000
-0.00258900 0.00431518
-0.01016656 -0.01280399
0.00513549 0.00000000
0.00510925 0.00000000
0.02801211 0.00861769
-0.01483430 0.00863036
0.00000000 -0.00427826
0.00245622 0.00859328
0.00756365 0.00000000
-0.00750687 0.00417483
0.00000000 0.00000000
0.01257058 0.00000000
-0.01483430 -0.02104191
-0.00758223 -0.00433351
-0.00505757 -0.00435237
-0.00248756 0.00437139
0.00249377 0.00000000
-0.00248756 -0.00870474
0.00249377 0.00000000
0.01016656 0.01317176
-0.01509636 -0.00866701
0.00000000 0.00437139
-0.00250027 0.00435237
0.00000000 -0.01724736
0.01536617 0.00000000
0.00246861 -0.00440956
0.00760171 0.00442909
-0.00754436 0.00000000
0.00760171 0.00432137
-0.00998831 -0.00430277
-0.01513363 -0.02195961
0.00250654 0.00450857
-0.00250027 -0.00448833
-0.01035310 -0.00892696
0.00000000 0.00000000
-0.01288404 -0.01364753
-0.00267738 0.00922424
0.01319911 0.01023672
-0.00783837 -0.00895684
0.01568933 0.00903779
0.00525855 0.00000000
0.00359634 0.00000000
0.01031600 0.02705148
0.01021066 0.01321353
0.01010746 0.01730134
-0.00242258 -0.01281942
0.00496252 0.01298589
-0.00998109 -0.01281942
0.00509392 0.00865726
0.01003062 0.01708008
0.00491323 -0.00421941
0.00000000 -0.00423729
0.00000000 0.00851064
-0.00988245 -0.00843882
-0.00745955 -0.01693617
-0.00254049 -0.00424206
0.00509392 0.00860720
0.00000000 -0.00430997
-0.00760215 -0.01289932
0.00000000 0.00438520
-0.00255346 -0.00873210
0.01024000 0.02193446
0.00242847 0.00000000
-0.00242258 0.00430997
-0.00253405 -0.00858295
0.00751561 0.01298589
0.00000000 -0.01281942
0.00000000 0.00000000
-0.00493801 0.00000000
0.00242847 0.00000000
-0.01000632 -0.00857069
0.00766039 0.00436605
0.00000000 0.00426013
-0.00506810 -0.00424206
-0.00753476 -0.00434707
0.00245937 -0.00436605
0.00256000 0.00438520
0.00000000 0.00436605
0.00000000 -0.00869414
0.01776785 0.01306788
-0.00501777 -0.00424206
0.00000000 0.00426013
-0.00745955 -0.00424206
0.00254049 -0.00434707
0.00242847 0.00000000
-0.00747841 0.00000000
0.00753476 0.00000000
-0.00747841 -0.00436605
0.02016343 0.03052096
-0.00488921 -0.00417021
0.01494878 0.01273395
-0.00494387 -0.00421941
-0.00496843 0.00423729
-0.00488921 -0.00421941
0.00000000 -0.00423729
0.01494878 0.00425532
0.00000000 -0.00838983
-0.00988773 -0.00427314
-0.00488921 0.00849712
0.00491323 -0.00842553
0.01487569 0.00849712
0.00102501 0.00000000
0.00491501 0.00425532
0.00000000 0.00847458
0.01467292 0.00420168
0.00482025 0.00000000
0.00479712 0.01246862
0.00000000 -0.00413257
-0.00477422 0.00000000
0.00969418 0.01244917
0.00000000 -0.00409870
-0.00485004 0.00000000
0.01442212 0.00814882
0.00000000 0.00000000
-0.00941269 -0.00400065
-0.00960111 0.00000000
0.00000000 0.00000000
0.00479712 0.00401672
0.00487368 0.00408230
-0.00960111 -0.00406570
0.01449131 0.00408230
-0.00955571 0.00406570
0.00487368 -0.00404924
0.00475106 0.00000000
-0.00472860 -0.00406570
0.00950213 0.00408230
-0.02362977 0.00000000
-0.00482025 0.00000000
-0.00484359 -0.00406570
0.00973433 0.00816460
0.01938140 0.01206673
-0.00955571 -0.00392094
-0.00477422 0.00393638
0.00969418 0.00000000
-0.00485004 0.00000000
0.00000000 0.00400096
-0.00477422 -0.00398502
0.00000000 0.00000000
-0.00479712 -0.00792190
0.00000000 0.00000000
-0.00482025 0.00403291
0.00968718 0.00795308
-0.00479712 -0.00398502
0.00482025 0.00000000
-0.00959424 -0.00792190
-0.00484359 0.00000000
0.00000000 0.00000000
0.01460150 0.01201807
0.00000000 0.00000000
0.00000000 0.00398502
0.00969418 0.01182821
0.00950213 0.00392280
0.00000000 0.00781494
0.00941269 0.00767680
0.00466246 0.01154290
-0.00464082 -0.00380373
0.00932492 0.00756014
-0.00923876 0.00000000
0.00466246 0.01515841
0.00464082 0.01485740
-0.00461938 -0.01831825
-0.00464082 0.00374700
0.00000000 -0.01119904
0.00466246 -0.00377529
0.00000000 0.00000000
0.01392246 0.01136880
0.00000000 -0.00651978
-0.00457710 -0.01501094
0.00459814 0.00382907
0.00000000 0.00755264
-0.00915419 0.00000000
0.00923876 0.00757174
0.00924955 0.00751484
-0.00916478 -0.01118819
0.00457710 0.00754318
0.00000000 0.00000000
-0.01366872 -0.01123007
0.00461938 0.00000000
0.00000000 -0.00749602
0.00000000 -0.01144339
0.00459814 0.01157586
-0.00371889 0.00000000
0.00000000 -0.00381446
0.00000000 -0.00382907
0.00468989 0.01145449
0.00466800 0.00000000
0.00000000 -0.00372425
0.00455149 0.00755264
-0.00453087 -0.00749602
-0.00464631 0.00373818
0.00466800 0.00380026
-0.00464631 0.00000000
0.00000000 0.00378587
0.00466800 -0.00377159
-0.01384411 -0.00749602
-0.01403846 -0.00762893
-0.00468110 0.00000000
-0.00480110 -0.00768758
0.00482426 -0.01154323
0.00000000 0.00384043
0.00000000 0.00000000
0.00000000 0.00000000
0.00000000 -0.00772954
0.00470312 0.00778976
0.00000000 -0.00772954
-0.00468110 0.01172398
-0.00960219 -0.01158812
-0.00474871 0.00000000
0.00000000 -0.00393422
0.00477137 0.01177028
0.00969529 0.00000000
0.00000000 0.00390381
0.00000000 0.00000000
0.00470312 0.00000000
-0.00468110 -0.00388863
0.00000000 0.00390381
-0.00480110 -0.00769949
0.00000000 0.00775923
0.00955006 0.01166589
0.00477862 0.00384379
0.00941473 0.01141063
-0.00471154 0.00000000
0.00000000 0.00378587
-0.00463723 0.00000000
0.00465884 0.00377159
0.00000000 -0.00375742
-0.00463723 0.00000000
0.00465884 -0.00754318
0.00000000 0.00760052
0.00473384 0.00000000
0.00000000 0.00377159
-0.00471154 -0.02246938
0.00000000 -0.01537515
0.00000000 0.00390381
-0.00937108 -0.00769949
0.00000000 0.00384043
0.00477862 0.00390381
0.00465884 -0.00388863
0.00000000 -0.00382573
0.00473384 0.00384043
-0.00096154 -0.00382573
0.00000000 0.00000000
0.00000000 -0.01747786
-0.00471607 0.00398851
0.00000000 -0.00397267
0.00000000 0.00000000
0.00473842 0.00000000
-0.00952839 -0.01196554
0.00000000 0.00000000
-0.00962006 -0.01211045
0.00000000 0.00408630
0.00000000 0.00813935
0.00490581 -0.00403682
0.00000000 -0.00405318
0.00000000 -0.00406967
-0.00488186 0.00408630
0.00490581 0.00406967
0.00478422 0.00000000
0.00000000 0.00405318
0.00000000 0.00807363
0.00485861 -0.00400449
-0.00957354 -0.00402059
-0.01454794 -0.01614726
0.00495393 0.00820614
0.00976043 0.00406967
-0.00488186 0.00405318
0.01461931 0.00000000
0.00000000 0.00403682
0.00947684 0.00402059
0.00478973 0.00000000
0.00467156 0.00000000
0.00000000 0.00000000
-0.00464984 -0.00400449
0.00000000 0.01206176
0.00467156 0.00397267
0.00000000 0.00000000
-0.00464984 0.00395695
0.00000000 -0.00394135
-0.00943846 -0.00395695
0.00000000 -0.00397267
0.00000000 -0.00398851
-0.00471607 -0.00400449
0.00000000 -0.01093599
0.00947684 0.00406504
0.00000000 0.00404858
-0.00469394 0.00000000
0.00471607 -0.00403226
-0.00469394 -0.00404858
-0.00384986 0.00406504
0.00966184 0.00000000
0.00478469 0.00809717
-0.00476190 -0.00401606
-0.00478469 0.00000000
0.00000000 0.00000000
0.00480769 0.00000000
0.00478469 0.00000000
0.00000000 0.00000000
0.00000000 0.00403226
0.00476190 0.00000000
0.00000000 0.00401606
0.00000000 -0.00400000
0.00000000 -0.00401606
-0.00473934 0.00403226
0.00000000 -0.00401606
0.00476190 0.00403226