-1.52857150 0.31628570
5.12857150 0.55949998
-10.82500100 0.41000000
-8.51740910 0.29749587
-9.06607510 0.24380029
-3.03571410 0.26435715
-4.60714290 0.55392855
-4.80499980 0.11085000
-19.96363600 0.18059090
-22.16874900 0.29145178
-14.56818200 0.05395454
-24.29999900 0.69872725
-20.01666600 0.14311111
-12.16580900 0.28214193
-11.16312500 0.24158252
-5.52222250 0.46238890
-9.62071330 0.18970022
-5.90999980 0.26600000
-8.89545440 0.06777272
-7.97857090 0.28492856
-6.95909120 0.36813638
-6.92142820 0.43142858
-6.28749990 0.25212499
-7.18510040 0.38938619
-8.07777690 0.11711112
-5.21111110 0.36661112
-3.11818170 0.37459090
-3.72500010 0.29337502
-4.23124980 0.33712500
-4.49444440 0.69883335
0.98571426 0.56825000
-3.25000000 0.39124998
-8.90625000 0.33337501
-10.42727400 0.71418178
-5.12683790 0.54050473
-3.19374990 0.54912502
-0.48999995 0.53270000
-3.01728260 0.50307835
-2.26662890 0.49746699
0.51999998 0.59230000
-0.42727271 0.50000756
-4.70000030 0.22837497
-5.20833350 0.55944443
-6.22812460 0.35865626
0.10000000 0.61449999
3.00000000 0.81276923
3.26842120 0.96707892
0.85312498 0.89878130
-0.77727276 0.35172728
-2.55000020 0.35720000
-3.09062480 0.50206250
2.98891460 0.70222635
0.76818180 0.73549998
2.27852080 0.75936872
1.35594380 0.75954509
2.78333350 0.82395232
3.82352920 0.77350003
0.24545452 0.84354550
1.01333320 0.81010002
0.16250007 0.47756246
-4.51923080 0.34026927
-5.88124940 0.42021877
-4.98888920 0.38461110
-3.80238130 0.63316667
-4.65500070 0.63279998
-2.28333350 0.91200000
-5.20652200 0.48802170
-9.19295530 0.35699195
-15.82000000 0.42989999
-12.14062400 0.56465626
-10.23181800 0.40911365
-9.65217590 0.29223907
-10.70000100 0.23177779
-10.70000100 0.25099999
-5.46536590 0.56560937
-0.84545457 0.91831821
-3.93707540 0.72888688
-7.31875040 0.00218749
-4.35000040 0.29926920
-3.06676500 0.77531862
-2.59999990 0.18110001
-1.34444440 0.27816668
2.08888910 0.44052774
7.82222220 1.37127790
12.39444400 1.07688890
4.79112680 0.80469399
8.07727240 0.63713640
6.04575620 0.89147965
0.28125000 1.11093750
5.03075680 0.87120299
0.99000007 0.67469996
0.31000000 0.53719997
-0.89166671 0.33283335
2.29090880 1.40786360
4.72727250 1.36949990
3.17006290 0.38401361
2.86363630 1.42536350
2.24090930 0.90527278
0.04999999 0.19861111
6.07000020 0.78150004
10.82727300 2.31595470
3.13047150 1.74478170
2.22586270 1.78472430
2.20454550 0.90904546
1.41912600 1.62140790
1.85646740 1.53210220
2.85951140 1.52293830
4.25630720 1.63548710
5.78159030 1.87242910
7.14970940 2.19201950
8.12169920 2.51676950
8.56900680 2.75521500
8.51894980 2.83066830
8.13324410 2.70800400
7.66626240 2.40618060
7.40081550 1.99905540
6.18499990 0.91100001
10.70714300 1.17971430
11.25555500 0.94577777
10.89801300 1.44103560
14.33888900 1.83288900
10.65000000 1.49345840
14.28408000 2.81117720
14.38904400 3.15650700
11.74583400 2.91912480
14.34375000 2.52059360
11.40882400 2.93941190
8.23928640 2.10960720
11.40000000 2.16087480
11.61000100 1.33670000
15.13092300 4.49230770
12.93333300 4.17923360
14.46176400 4.24929430
22.37812600 7.13293790
17.10205100 4.85618540
13.59583300 5.24795820
20.21785700 5.33164310
20.76874900 5.84512520
14.10357200 2.78860690
11.58217800 3.31907110
6.20909070 2.24754550
10.03125100 2.38718750
11.10384800 2.29673050
10.04166600 3.39858340
16.46999900 0.99616659
14.01875000 4.02481220
17.72142800 4.94342850
18.00000000 5.53386640
6.96500020 3.97505000
11.24285700 3.49783230
4.71250010 3.10643770
7.08116330 2.89012770
4.06499960 2.43170000
5.06538490 2.04015400
7.34760240 3.94016860
8.22290830 4.63034680
9.06172230 5.24562710
9.61472760 5.64913140
10.28636400 4.51672740
9.41666700 5.10363340
11.71666600 5.63225030
8.03865060 4.85884250
7.47852510 4.50497570
7.32023360 4.31490160
7.68319080 4.32957790
8.55916600 4.52327550
9.80183940 4.81497500
11.18023200 5.09935890
12.43629500 5.28258970
13.35760700 5.30803120
13.82411200 5.17205040
13.83969500 4.92171170
13.53262000 4.63911470
13.11055000 4.41250670
12.79953300 4.31125660
12.77908800 4.36875270
13.13980000 4.57678170
13.86206700 4.89227440
14.82342700 5.25273870
15.83655100 5.59569470
16.70170900 5.87155720
17.25965600 6.05333080
17.72272700 6.85863640
14.07000100 5.53930000
16.79663700 6.06309430
17.65000000 8.90431120
15.82792300 5.83627530
15.62380100 5.72098610
15.72167700 5.62645980
15.49545500 6.78750040
16.08636300 3.29454540
18.80500000 5.19374990
20.61000100 8.55144980
18.05064600 5.47086530
18.02083800 5.41034500
15.84499800 4.25159980
15.84444300 1.65116680
15.10000000 4.96141530
17.80000100 5.79461150
19.37500000 6.40962510
19.98889000 5.86438890
15.79221100 4.45080980
13.25000100 4.29227260
11.88333300 3.11216690
16.77250500 5.09248520
14.00555600 6.40638880
18.66000000 6.17935040
16.86270600 5.74398730
15.50333100 3.93056680
13.81333300 4.33199980
15.87911700 5.24546830
15.97857100 4.73392820
16.35000000 2.84359100
19.42000000 3.99990010
17.56666600 4.80066680
19.07646900 5.23297070
17.04583400 3.97533320
17.66333400 4.75929980
19.37368400 6.29179000
18.39230500 6.26446200
18.59333400 6.20506620
17.38909700 4.54812910
15.06428500 4.26710700
16.74550400 3.89913000
17.54000300 3.34655020
15.30680000 3.19586660
13.90000100 4.61736630
17.07642900 4.53856660
11.12692400 2.80676910
15.28750100 7.37150000
21.09285500 6.73464250
17.32172800 5.32924030
16.26111200 3.55000000
19.55416700 7.41987470
15.63554500 4.72576000
16.88846200 4.70138410
14.71666600 3.66170810
17.13338900 6.98722170
18.05416700 6.83129220
14.56618800 5.02130550
14.76755400 5.10849600
14.92583800 5.07873070
15.30000100 4.91235260
11.52500100 2.80750010
12.22142900 3.65221450
14.08244500 3.97113290
17.23333400 3.09520010
13.43322300 3.51712480
10.65000000 4.69912530
9.34000110 3.41886660
8.74166580 2.07541660
13.04666700 2.82336690
19.12381400 4.28878640
19.05750500 3.50297520
16.22027200 4.16994240
21.04166600 4.73925020
16.28181800 5.74122710
10.58750100 2.23149990
16.41000000 2.59900000
15.54643000 2.50103570
18.24062300 4.32787510
21.09999800 6.37249990
9.43333340 2.88966660
14.03633700 4.04197880
5.24000070 2.12725000
13.66227300 4.19809790
13.04091000 5.71704580
15.06363700 3.94995450
10.96504400 3.69288970
9.71437100 3.37529120
13.94166700 4.12050010
7.42142870 2.94385720
2.77500010 2.16137480
1.71000000 2.43029980
4.11363650 2.31736350
3.66250010 2.00512480
8.96818160 3.31999990
13.24000000 4.66349980
8.88181780 3.75604530
6.29596500 3.23893030
5.25909090 2.28786370
5.11786450 2.81865320
4.79914880 2.64633140
11.33636400 4.66131830
2.59090900 2.13140920
3.13181810 2.03154560
4.17857170 2.56635710
11.53928600 3.67085720
16.81944500 6.04449990
8.96434580 3.30326060
3.27000000 3.04259990
3.18461540 1.86703840
2.43421050 1.29247370
-0.10833335 1.81858340
8.10714240 2.56371430
10.87941300 2.38008830
12.30499900 1.34810010
9.33529470 2.44332340
9.93125060 1.83412520
9.78823470 2.16579410
5.76875020 2.37459370
7.47500040 2.57325030
4.74620760 1.88162990
4.29444410 1.58363880
0.27380943 1.33254770
-3.55000020 1.59318760
-3.62962960 1.04548140
-3.45517280 0.80467242
-5.32000020 1.05940000
-0.84545451 1.27800000
-1.93411400 1.67487600
-0.83749992 0.69916666
0.25238097 1.13761900
-2.15164650 1.50900590
-3.46363640 1.40881810
-5.30882360 1.01923530
0.89318168 1.17390910
-2.48750020 1.01621880
-2.86666680 0.67546672
-2.61666660 0.90125000
0.30000001 0.73200005
-0.76620068 1.08417580
-4.67727280 0.24990912
-6.44999980 0.66709995
1.42307690 0.70742309
5.49285750 0.96664286
1.97777770 0.69903702
5.05416730 1.39904140
2.62962940 0.68881482
1.42666690 0.21280003
10.80000000 0.92866671
8.80250070 1.62652500
13.32500000 2.35766650
1.42727270 0.90427268
9.31730750 0.68348080
8.29749970 0.38742501
6.96470590 1.06397070
4.91428570 0.83535713
5.06046510 0.47209813
-3.19999980 0.35040909
-2.70000030 0.41390002
-1.58333330 0.25695831
-1.13571430 0.42785710
-1.75312510 0.37256253
1.41538450 0.49086538
-1.14416000 0.43828123
1.15714280 0.36169046
3.76249980 0.39874995
-2.06400010 0.31524009
-5.21666670 0.17768329
-5.81666660 0.04625000
-2.57500000 0.13193750
-8.09545420 0.21945456
-8.13749980 0.07850000
-28.52000000 0.23893826
-17.08124900 0.16406250
-18.09107400 0.32091072
-15.03260800 0.25067392
-12.94117600 0.38182354
-10.89210500 0.13263159
-12.21944500 0.28488889
-3.74791670 0.20652087
-14.94214100 0.36956699
-16.06263500 0.33566278
-16.06263500 0.33566278